ARMA_MAT_TXT_FN008
81 20
  -3.34698918129925e+00  -1.95408680620297e+00  -2.64324758484901e+00   1.20426350193767e+00  -7.44068733169219e-01  -9.58812742487629e-01   3.12063439439247e-02  -1.90072089579485e+00  -7.56928926300283e-01   3.73403604159317e+00  -5.49537250641351e-01   3.45695189788826e-01   1.19030485390915e+00   7.27509330219049e-01  -2.35530174305575e+00   1.28062256832526e+00  -2.88979409487286e+00   6.19455165974082e-01  -3.63595319907055e+00   1.19086998464770e-01
   4.58738300698280e+00  -2.48165791602089e-01   6.92514503232472e-01   1.51592707887765e+00   3.40261920768025e+00  -5.60507510831437e-01   2.11987968298998e-01  -2.83094031867686e-02   8.98451291709736e-01   1.76008302124668e+00   9.40568975536022e-01   3.72642111273067e+00  -4.36582580741920e+00   1.55744171088603e+00   3.15064441656703e-02   7.03061805710295e-01  -2.21758585351685e+00  -2.32117059977266e+00   8.43101881412882e-01   9.32779388166754e-01
  -2.85599882082891e+00   7.22853488943654e-01   2.99815707736765e+00   6.34048568179300e-01   1.52375619472074e+00  -3.65597082556326e+00   2.46821216894714e-01  -1.40109128255913e+00  -3.49849235590412e+00   1.08223024813416e+00   3.63827066243336e-01   1.93901523911141e-01   2.07152376798523e+00  -2.49180054225456e+00  -4.63300387795190e+00   6.11647326834104e-01  -2.19541866086943e+00  -9.55201601578134e-01  -1.49078693712795e-02  -2.64867869529392e+00
   3.58315899983631e+00  -2.17626500724376e+00  -2.75399146029201e+00   7.50914626751744e-01   1.79889227943642e+00   2.91484711328087e+00  -1.47712959047673e+00   1.68265388238137e-03   1.04570538516433e+00  -1.43087648201697e+00   1.90254958771849e+00   1.13846690324250e+00   1.28849000973350e+00   3.93719270094485e+00   7.84262686979954e-01  -8.54328696371015e-01  -5.66184732908324e-01  -6.30666458776186e-04   2.89118594734468e+00  -2.77960632148648e+00
   8.73664571243705e-01   2.32845281953518e+00   2.63805082605082e+00   2.90475360377933e-01   5.64244201214995e+00  -8.33866452420644e-01  -4.24071044347444e-01   9.16997265980938e-01  -6.30184997524595e-01   1.33175848660601e-01   3.46071969271142e+00  -4.81265713608469e-01  -1.59302548335803e+00   6.04252462725277e-01  -1.73030058684088e+00  -3.10601249354277e+00  -1.43239300930447e+00   2.12857576658212e-02   6.48176537537556e+00   4.35629945602107e-01
  -3.74418600875506e+00  -2.92291125852368e+00  -1.90333223503738e+00  -1.57196090331910e+00  -4.05474568384952e-01  -3.55816122462060e+00   2.56438497729815e-01  -8.18416946904699e-01   5.42961641051574e-01   7.91249384145034e-01  -1.50898249982456e+00  -8.31966052375744e-01  -8.95567821638943e-01  -2.84759407237238e+00   1.33963633051439e+00   2.34827593171220e-01  -2.26315796844720e+00   8.55479446063638e-01   1.82307507171353e+00  -7.75376830701372e-01
   6.26300246404553e-01  -8.42365287111844e-01   1.49540644190987e+00  -1.38321093354543e+00   1.90764990251190e+00  -9.30676232333250e-01   2.35577211016997e+00  -1.07452677154862e+00   1.34643649182380e+00  -5.29955282286587e-03   6.09795610092284e-01  -2.79831844087202e-01   2.41747588527296e+00   1.89020365353731e+00   5.25218972376540e-01   1.00731647027071e+00  -5.63560769220450e-01  -2.41729474810507e+00   3.90356478179530e-01  -1.30765684638905e-01
  -1.99640197764809e+00  -6.40893588498210e-01  -4.85879008657175e+00  -9.12394400260141e-01  -3.54384868087076e+00   4.35660435083884e-02  -3.73075557860706e-01  -1.04022830428207e+00  -1.02708626430148e+00  -2.25423734865926e+00  -9.22593175852513e-01   2.61686737875818e+00  -2.11896181045205e+00   1.54053923106085e+00  -3.27732372576566e+00  -1.20706319033100e+00   2.07219658301114e-01   2.07487334816651e-01  -1.09858943373837e+00   3.60675137142403e+00
   2.98744925714893e+00  -2.82004349501520e+00   3.89692200860294e+00  -5.90789335021202e-01   3.45026216915844e-01   6.60743802387425e-01   9.58907520193704e-02  -2.20814047891806e+00  -9.60687559132960e-01   1.09981644295807e+00   1.06847290471904e+00  -1.68089905458605e+00   2.39843849672345e-01   1.41355877723856e+00  -1.20712993858145e+00  -3.92027290922570e-01  -4.64257251124530e+00   2.04026488031590e+00  -2.00027371464565e+00   4.82299589865918e-01
  -6.90650815717372e-01  -2.63771070478864e+00  -1.65428953834877e+00   4.84437120540821e+00   2.14363297413741e+00   8.48215483087308e-01   1.41543040992977e+00   1.63342277318381e-01   1.77724111961464e+00   9.21139356340354e-01  -1.35138334407030e-01  -1.03839182152835e+00  -4.69178563534630e+00   6.27443591684462e-01  -4.45966288257239e+00   2.09735903224969e+00  -1.88873111350660e+00   5.60056233365334e-01  -3.05188460713960e+00  -3.35045428630190e-01
  -1.93158970172396e+00  -1.01514601363818e+00  -8.94738229795312e-01   1.83598982972082e+00   5.18698915033259e-01  -2.04979416209090e+00  -2.29566113386686e+00   7.98865468857007e-02  -1.60905562042452e+00   3.18692199115898e-02   5.92014927310381e-01   2.48555732417358e-01   4.18075140252906e+00  -2.64509335270408e+00  -1.89047540724591e+00  -3.42499045168047e+00  -2.14954987020783e-01   5.98576709745550e-01   4.96037539540855e-01   1.91698555989909e+00
   2.78340117667323e+00   3.56484309600488e+00  -1.66493818651106e+00   9.57213497837910e-01   6.94064449800269e-02   8.66246143567955e-01  -3.26612739654682e+00  -1.15781585529963e+00  -1.82486321270773e+00   3.67904055604349e+00   1.30562748705286e+00  -1.22072431027269e+00   1.21231725363617e+00  -8.35112847204135e-01  -1.12853420949693e+00   1.28959593463898e+00  -2.58473980941970e+00  -2.06867651743627e+00  -1.44765557673242e+00   1.05267312064725e+00
  -3.33825096751240e-01   7.15002227479313e-01  -1.77544522141730e+00   2.92462590861372e+00  -5.71511767344472e-01  -2.02537298025477e+00   9.84062708315372e-01   5.60266755380110e-01   3.33979033784374e+00   1.16113749434184e+00  -3.68795509134225e+00  -4.37347139170458e-01   1.10984973868080e+00  -1.60477059662626e-02   1.85092608450129e+00  -1.17249554220273e-01  -1.83291830607095e+00   4.98673615626283e+00  -1.84211445834244e+00   1.99360341676892e+00
  -9.09437488177115e-01   3.14564239795551e+00  -8.12072621690810e-01   3.97564691463721e-02  -2.07903077526515e+00  -1.93224879601705e-01   3.16765664284561e+00  -2.70043959607238e+00  -5.44851826290924e-01  -4.17472060600103e+00  -3.67939902890037e-01  -1.05599087866436e+00   2.68226150243653e+00   2.22293013504856e+00  -4.00360605808396e-01  -1.22157216306242e+00  -1.46421496361227e+00   1.55298339815986e+00   5.31978146865803e-01   7.22879274438926e-03
  -3.13359586381467e+00  -1.64013807542622e+00   5.01860920854650e-01   1.57648324168977e+00   1.53552680213767e+00  -3.04836737113515e-01  -4.23178838326624e-01   5.09144797987700e+00   1.86416570988627e+00   1.42621777371676e-04   6.30871225142598e-01  -1.63119189928613e+00   1.31898172390275e+00   9.47953942911263e-01   2.37858197173794e+00   6.49978187086921e-01  -3.11509788732007e+00   1.30753458339132e+00   6.21867405484316e-01  -2.01776050958358e+00
  -4.74800433796212e-01   3.31741174787056e+00  -3.75656865025309e+00  -1.49836226665840e+00  -6.78705372354923e-01   1.20045025985881e+00   3.50431797600154e+00   3.42123633623739e-01   3.15847190440654e-01  -2.79521757452739e+00   3.28610595665419e-01  -9.14610353793684e-01  -1.61754358641182e-01  -3.01890100857302e-02  -1.27734074341509e+00  -2.93579945135756e-01   1.97771398652380e+00  -1.31818209267770e+00   1.74912684296410e+00   2.41567128555105e+00
  -1.52218785978023e+00   3.67097354782700e-01  -1.84269511679300e-01   1.84269512850232e+00  -2.90748539501744e-02  -7.95692501699446e-01   1.85221549572202e+00  -1.73881114393352e+00   9.29329233339624e-02   2.92720320796261e-01   9.26248552524085e-01  -1.14308183229982e+00  -3.17602700980282e-01  -2.74740583145079e+00   1.79612201030248e+00  -1.05036854269363e+00  -3.50246236530360e+00   5.32965927731499e-01  -4.54309589187607e+00   9.91943975599996e-03
   8.52482265350459e-01   3.22808826348567e+00   1.45790575896887e+00   9.22913194680026e-01  -2.81029852584016e+00   1.32857753050368e-01   1.84395660638848e+00  -1.45613681767757e-01   6.34688285934866e-01   1.13077736976035e+00  -2.19271200585151e+00   9.69209621723096e-01  -1.25693176268949e+00  -8.45023752954671e-01   4.88806341300842e-01   4.21968747062382e+00   1.18370543468769e+00  -5.63914262536682e-01   9.03523351599740e-01   3.75305398108612e+00
  -8.34544345483406e-01  -2.47257156615651e+00   1.45941117318303e+00  -1.32002513098464e+00  -1.07443357448724e+00   1.94573743613430e+00  -2.82527877383686e+00  -4.36740739302999e+00   4.67565350721843e+00  -1.92143336232893e+00  -2.77535360165833e+00   1.68633284755683e+00   9.79804405686070e-01   3.14588317181638e+00   1.19370375440246e+00   6.62349481049807e-01  -6.24385916408882e-01   1.16635179974483e+00  -1.27164037006701e+00  -3.18929789983326e-01
   1.26687822605694e+00   7.41143830760304e-01   6.07847839926225e+00   4.19978607858624e+00  -7.85115736978165e-01  -1.70110973139014e+00   2.86588522671425e+00  -3.90193147622638e+00  -1.59487120466357e+00  -1.90289017933646e+00  -5.89354070864799e-02  -2.86191938582755e+00   1.72667088042018e+00  -2.63336403672306e+00  -1.34823530535679e+00  -3.21821493640068e-01  -1.22685116266652e+00  -2.26459139552546e+00   1.56630439335827e+00  -2.58608644035893e+00
  -3.21535946358861e+00   4.13481917975860e+00  -3.76066504850958e-01   1.56753755317742e-01   5.51155744834884e-01   1.06684613094019e+00   1.41246654465454e+00  -1.00833619215585e+00  -1.49703968691091e+00  -3.23165075239479e-01  -8.26333774506042e-01   3.34464955572077e+00   1.42167759606006e+00   2.59438261762727e+00  -1.39793199048282e+00   1.83582423889600e+00  -8.83246305015917e-01  -6.96316827057593e-01   3.18917741258347e-02  -4.15857420833131e+00
  -6.55950909808876e+00  -4.42605282091592e+00   1.06427758837065e+00  -3.12715603070441e+00  -1.51281866040001e+00   1.35783660687714e+00   1.45034528450181e+00  -1.73644292535717e-02   1.45923775251861e+00   1.79006922781440e+00   1.18085659286592e+00   1.96555089548074e+00   1.24775731807983e+00  -1.62014393237490e+00   1.89962782667345e+00   3.03349841645747e+00   1.11345159120063e-02   3.79003260098293e+00  -6.96225290416428e-02  -5.72306848173949e-01
   3.81162416244544e-01   8.55769986666489e-01  -8.02620636033412e-01   1.62894689058648e+00  -4.10267888205327e-01  -3.64091718427212e+00  -3.57008996084888e+00   1.71989320314190e+00   8.09951573620735e-02   4.26466955521195e+00  -2.02062254818710e+00   1.58832634776909e+00  -7.42043647044574e-01  -5.75574834491049e+00   5.39383266568623e-01   3.52295813194764e-01  -5.38316072633166e-01  -2.94621395236648e+00  -2.89109489307984e+00  -3.08653663246432e+00
  -1.70935268996253e+00   9.76441666278967e-01  -1.91867154298497e+00  -2.84671749795414e+00  -3.64514926319797e-01   8.22904471419230e-01   1.30432536662940e+00  -8.53660478484856e-01  -7.82732572373235e-02   1.11530177989848e+00   6.76348214935210e-01  -1.49610565494939e+00  -8.52608239037534e-01  -4.07263953995389e+00   3.55968849123178e+00   1.15605105461781e+00  -3.58792090907629e-01   4.94429362984160e-01   3.01313710810389e+00  -1.55142986833124e+00
  -3.15119242488556e+00   2.70403855156711e+00  -4.05808664134797e-01   2.47320695127276e+00   7.79250033831602e-01   1.57253864759191e+00  -8.77992955108317e-01   1.21058988021021e+00   2.69283446134479e+00   4.91595171880864e+00  -4.79944826498160e-01  -9.50345221593908e-01   1.55728769583530e+00  -8.99574685331928e-01  -2.18172265679676e+00   1.50007163586780e-01   3.26261044229951e+00  -2.79264441830403e+00  -5.26184818299362e+00  -1.35457450036013e+00
   1.14369250406328e+00  -2.65432835343596e+00   5.12979347334530e-03  -3.32857292205520e+00  -8.60017669944143e-01   8.75758306208995e-01   4.40239354366705e-01  -2.21057188320663e+00   2.48244197393190e-01   3.93289542669407e+00  -4.87434427588169e+00   2.90139177206536e+00  -7.23700748545474e-01  -1.97325380559142e+00  -2.39789687082817e+00   1.61274693844869e+00  -6.88039095704325e-02  -1.33259995128262e+00  -1.22839773876868e+00   1.88588647007469e+00
   1.11266585524493e+00   3.15203215892829e-02   2.36045350001686e-02   1.06706530474289e+00   5.39599618603007e-01  -2.43496311420505e+00   3.85064227144720e-01  -1.48022401504822e+00   2.54587876014992e+00   6.60404935465418e-01  -1.52316677689417e+00  -2.17605138697830e+00  -7.36861272791748e-01  -1.19075114095427e+00   2.27980449831626e+00  -6.27199564067674e-01   1.15751325362649e+00   1.52991479627413e+00   2.51017809125230e+00   6.79626567492796e-01
  -1.66703885351112e+00  -3.31722377070872e-01   1.04574123595950e+00   1.29908182546839e+00   2.79188741503837e-01   4.60695639605466e+00  -6.31036170268684e-01   1.73388542357023e-01   1.37058529364763e+00   7.93401298551251e-01   1.25144648473282e+00  -4.95458612086005e+00  -3.64927744428859e-01   8.51005658328961e-01   1.75374357007447e+00  -3.20669025667104e+00   5.28271223572321e+00   7.66255537281677e-01  -1.35283525248066e+00  -2.65686602498005e-01
  -1.84380377516006e+00   4.12958348563470e+00  -1.58121719868761e+00   7.63792391809869e-01  -2.03286200249092e+00  -2.11613720658143e+00   2.42765951384006e+00  -3.99274231791736e-02  -2.55981675368384e+00   4.09428920853541e+00  -3.58103176763330e-01   6.89621969459408e-01  -4.95461124989883e-01  -6.91610232126010e-01  -9.28872102062682e-01  -2.35163830171011e+00  -4.74462338631583e-01  -1.70770934121994e-01  -1.29644239757264e+00   3.29709721059495e-01
   1.38596648647178e+00  -9.81089513827918e-01   3.12519618978803e+00  -1.15566688331536e+00  -1.51787081523744e+00   1.21620215717794e+00  -8.25125926075261e-01  -2.56758425837166e+00  -5.14644258703830e+00  -1.23024843857027e+00   1.38375289695056e+00  -1.93902773351229e+00  -3.47041080654010e+00  -2.06770590150018e-01  -1.59695581318573e+00   1.45109373859448e+00   1.10518372676301e+00  -2.03453632195534e+00  -3.13142414731990e+00  -1.48708605953182e+00
   2.91219750432201e+00  -9.86315854859689e-01  -1.45723446667020e+00   7.08764987747422e-01   2.92591390304208e-01  -6.99907962079865e-01   1.45332760422192e+00  -1.00670849292178e+00  -2.57741162335286e+00   3.55398759010347e-01  -1.40131633317082e+00   1.75248818368876e+00   1.17766069405829e+00  -1.02747309284390e+00   5.00351062897361e+00   7.87043020874064e-02  -7.36777779139611e-01   2.65638814870678e+00  -1.18567629720404e+00   5.32708080821763e-01
   4.16075020669242e-01   1.01547319879079e+00  -7.92026026920094e-01   3.80459679660173e-02   1.08191474492772e+00   3.52124791717067e+00   1.06761637755189e+00   1.05456652236311e+00  -1.79553597724096e+00  -1.65880140895735e+00  -2.81742973256236e+00  -4.47925518739151e+00  -4.92013252064328e-01  -6.28567610337329e+00  -1.76892633268992e+00   3.01225943426937e+00  -1.83426085301908e-01   1.26374334172337e+00   1.20315463630099e+00   1.58986640670645e+00
   4.09814847873624e+00   8.81923055117855e-01  -1.44197420828937e+00   1.69690892924775e+00   6.43843936504147e+00  -7.07205540736945e-01  -1.06586134470419e+00  -5.50997935739304e-01   2.07623140831225e+00  -1.31568161309308e+00   3.43360506486106e-01  -1.32150481398923e+00  -3.45885477863039e-01  -7.99135973714880e-01   1.58205652040480e+00  -7.24207875362939e-01  -4.45345142021734e+00   3.12814204484209e+00   2.51377662209780e+00  -2.14626948601015e+00
   3.73988782624549e-01   5.73678096847574e-02  -1.60334283765502e+00  -6.31201050887658e-01   5.72223631863350e+00  -2.41122128301103e+00  -9.13912360691211e-02   1.72151549711380e-01   1.85965298582932e+00  -4.18636431478089e+00  -3.35921982730960e+00  -7.01269430901822e-02   2.07173355175552e-01   7.43118820016754e-01  -2.31661460476005e+00   5.86452824139351e-01   1.98829636656936e+00  -1.02956232839961e+00   3.37447241121689e+00   1.27158843756474e+00
   4.94210271831237e-01   3.11195983562793e-01  -2.56471099475366e+00  -5.31256398650908e-01   8.10633181204775e-01  -2.56239220806366e+00  -4.26248535900694e+00   2.23985581548301e+00   3.11442580584018e+00  -2.90627047067314e+00  -9.65411876391851e-01   9.75263447207726e-01   1.23690539094276e+00   2.64301066405863e+00   1.33501229834895e+00  -1.83640940462180e-01   1.95404060380654e+00  -3.52347693180281e+00   1.23395150695477e+00   2.01645265658590e-01
   1.01143208564623e+00   1.75342290800859e+00  -2.46117671390778e+00   2.02447750457624e+00   2.24327819426613e+00  -7.61433597389148e-01   2.16355140443580e+00   1.00690042816835e+00   9.42424008253693e-02  -3.92483124667486e+00   5.20528860693796e+00  -2.10047937355652e+00   3.75895512720190e+00   2.42909501077243e+00   2.19388878869651e+00   2.23426482459136e-01  -7.52995863640378e-01   3.94226464935343e-01  -1.35725441294817e+00  -7.64685821971410e-01
   3.56146857561211e-01   2.18970234412070e+00   8.61748737846403e-02   2.41009354274574e-02   1.22678423722094e-01   1.33951853041566e+00   1.64271669685687e+00   1.88765598816893e+00   1.62831397608026e+00  -1.00006555153004e+00   2.39716364019604e-01  -2.98749169508992e+00   7.20800041173984e-01  -2.51309223072430e+00  -5.71546243402530e+00  -5.56666795036760e-01   1.46384701096243e+00   9.72518162708698e-01  -1.74208612944321e+00  -1.10623890682291e+00
   3.00439562877543e+00   1.39956110147424e+00   1.92914038669511e-01  -1.61498029965221e+00  -4.41711636390146e+00  -1.32566800522161e+00  -2.18028208859971e+00   1.40108909749411e+00   2.68561100772820e+00   1.43465302962878e-01  -1.96600693086437e+00   1.58027974488338e+00  -4.98832707551150e-01   1.55025616144086e+00   1.49468731601817e+00   1.30469730284879e+00   2.23528978381437e-01  -2.03624146614564e+00  -8.48060199228380e-01   4.50265944250000e+00
  -4.84576803761395e+00   1.21500347075997e+00  -1.80676785806920e+00  -4.25549741231270e+00   7.53517199248860e-01  -1.61006551463250e+00   1.45472905375431e+00   6.13406366429682e-01   2.86769087855786e+00  -2.09282849151853e+00  -2.53122904280113e-01  -8.81434951034778e-01   6.59339364771772e-02  -8.92394547907038e-01  -1.05736732298089e+00   9.23290221297615e-01  -1.46262603634654e+00   4.03698147447547e-01  -7.55759407614477e-01  -5.45644910491424e-01
   1.28485828844112e+00  -7.26518911952207e-01   1.38492708661321e+00  -1.68101739506140e+00  -2.46432515711416e-01  -9.33525099061778e-01   4.16327321268804e+00  -5.89387203936728e-01   1.77654077075668e+00  -7.10226478194809e+00   3.95371071409036e+00   2.56723337299713e+00   1.78973052566881e+00  -1.18525525562869e-01   3.45456996493362e+00  -1.65897809876313e+00   6.95108579406707e-01   1.85164375533902e+00   1.01764806447179e+00   1.61899603637593e-01
   3.68586503369792e-01   7.57309586478734e-02  -1.03819948163600e+00  -5.48299750466654e-01   5.02246804508676e+00  -1.08816800399457e+00  -6.73456259161770e-01  -9.71309691711196e-01   1.00337411568174e+00   2.60360823522670e+00   1.94669560884814e-01  -1.70488594875214e-01   7.04034094932533e-01   5.13678999340423e-01   4.59850432118489e+00   3.77927453091088e-01  -3.55239746571256e+00  -1.09466052231143e-01  -1.46711869862973e+00   4.53079032874221e+00
  -3.58385120125792e+00  -3.14265498704404e-01   2.87227067770262e+00   1.92916685719744e+00  -3.02393021251486e+00   2.45292352060947e+00  -2.04120859544262e-01   8.58411056423729e-01   4.74877030754807e-01   5.31051370251144e-01  -2.34270126563623e+00  -2.53660957231103e-01   4.98953609659222e-02  -1.90103094974847e+00  -5.94681801917539e-01  -2.91150305645103e-02   3.24727652650315e+00  -3.63050625099374e+00   1.08089993409315e+00  -2.05157344848377e+00
  -6.31594835296441e-01  -3.36029529752469e+00  -3.23519125288311e+00  -1.88507826223767e+00  -9.37916652380583e-01   1.52680771630386e+00   1.19317959331106e+00  -1.76283474401772e+00  -8.98768506485863e-01   2.18294845505957e+00  -1.34074591637439e+00  -2.88871036107815e+00   5.68187936052294e+00  -2.81889322974048e+00  -1.61986429545071e+00   1.93492543044433e+00  -4.94260735620680e-01  -9.20900035076569e-01  -3.93966963537676e+00  -1.31128369918079e+00
   3.56836614827150e+00  -1.61694446627026e+00  -2.14679048040568e-01   2.94594861498199e-02  -1.34695339618989e+00   3.07603409518703e+00   1.62960922772878e+00   2.67800139303128e-01   1.18938518413005e-01   2.15758258548432e+00   1.87575493231194e+00  -1.16640662713393e+00   4.19254516682100e+00   7.87797896500562e-01   1.96092117359416e+00   1.86912039234646e+00  -8.03963921871191e-02  -2.63674992401482e+00  -1.25886831020998e-01   4.36860317699948e-01
  -6.68061395659175e-01   4.56457008526877e+00   2.95470243708261e-01   2.86786130032509e+00  -2.00854653749675e+00  -3.43988871750244e+00  -7.23140428101736e-01   3.08970308656605e+00   6.62391325169399e-01   1.46658242521619e+00   4.05813452976359e+00  -2.44296086337085e-01   1.76294055329368e+00  -3.08054437127194e-01   2.59318551672675e+00   1.32814680390680e+00   9.10227160376687e-01   1.78913690556247e+00   1.36675287878287e+00  -2.83495416684709e+00
  -1.99312849610820e+00   7.83202893146839e-01  -8.88323376223719e-01   2.06047106457474e+00  -1.49804251704730e+00   4.50878778898244e+00  -3.10253739117606e+00  -9.34615994758611e-01   8.34732405166228e-01  -3.54106772457588e-01   9.69268702961344e-01   1.42832169061334e+00  -1.04030157430821e+00  -8.61236353585868e-01  -6.25526112782199e-01  -2.39243872420822e+00   1.01043614461640e-01   2.95544034223431e+00  -1.14025450468481e+00   6.25119014454955e-01
   3.48773948724291e+00   2.11860389356916e+00   1.52194107945932e+00  -2.99603287937705e+00  -1.48701050805164e+00  -1.72144350832885e+00   1.06360893657273e-01   2.72398633021473e+00  -1.34702645028879e+00  -3.95665122499062e-01  -1.54720307200696e+00  -3.46331393029998e+00  -2.04339079293198e+00   1.80993231166969e-01   1.04410887233195e+00   9.27273312784131e-01   1.99787463080268e+00   3.67367355345854e+00  -1.53038404215211e+00  -1.15791291578533e-01
   5.27256278909988e-03  -3.11738964183705e+00   9.49580891287747e-01  -2.22388782946743e+00  -1.71460018966583e-01  -3.21407295237868e+00  -1.13094992783575e+00   8.03795547242861e-01   7.86964797868148e-01   1.09093093282905e+00  -9.62435571613016e-02   2.46719874064194e+00   4.60996487708021e-01   8.13332488750916e-01   1.71664131578768e+00   4.04434651118815e-01   1.38788579491782e+00   5.50380352378751e-02  -2.84156764416953e+00   3.28288213042920e-01
  -1.75683677051885e+00  -7.57485176672964e-01   2.17655040062536e+00   2.03734156401796e+00  -2.19376637843977e+00   3.40888310267573e+00  -4.16869348130184e-01   1.70117089752058e-01  -3.46375975247670e+00  -6.01867750604953e-01   3.31749469453078e+00  -5.27725068900900e-01   8.40374233520115e-01   1.77316511415788e-01   1.17349410924244e+00  -2.37823840373687e+00   1.59233912367257e+00   2.38716647543728e-01   1.14741512149606e+00  -1.56264921988586e+00
  -2.19627611222337e+00  -8.87517265379971e-01   2.69961446717769e-01  -2.09321043836653e+00  -3.91627317666865e+00   1.22796450511879e+00   1.27811070277689e+00  -5.45834012992286e-03  -8.33007782186330e-02  -9.98210337089185e-01   1.51717932005185e+00  -9.67362365298937e-01   1.38058221190739e+00   1.39354517862871e+00   9.19406430438007e-01   8.18013351304660e-01   2.04182031177055e-01   9.21785056745816e-01  -7.09819985758360e-01   3.07980576684546e+00
   3.15620605423581e+00   6.10892916544257e-02   1.59389474990032e+00  -2.87969629171833e+00  -3.15360065898460e-01   3.70391116568571e-01   4.84911381630984e-01   2.25957781829737e+00  -5.07890598562065e-01  -1.36360093408084e+00  -2.40120876503296e-01  -2.56200830513664e+00  -2.87889427913262e+00  -2.72601111015312e+00  -1.77705517357629e-02   2.09343112339207e-01  -4.60872965982265e-01   2.97355725013319e-01   2.41671710163066e-01  -5.29626077773662e+00
   5.28084490074339e-01   1.70373942032706e+00   1.61884712943366e+00   6.34874704979844e-01  -1.17227185041389e+00   2.82058557654717e-01  -9.73096681221134e-01   4.34880997152311e-01   5.77638422309935e-01   1.17290353142588e-01   1.50484437831392e-01  -1.16760772313996e+00  -1.88418051045894e+00   1.22772726130085e+00   2.25986436548468e+00  -1.79887170929350e-01   2.39208122263922e+00  -1.36325294172749e-01   2.32775257694685e+00  -5.22972786913454e-01
  -3.58431130815548e+00   4.17321723330273e-02  -2.57278912072703e+00   2.13461828826879e+00   4.23877812572292e-01   1.52778170162106e+00  -1.90097729995127e+00  -3.17317874628586e+00  -4.27831494275098e-01   1.47705980041824e-01  -2.92796148205898e+00   2.12582070517681e-01  -3.77435297251837e-01  -7.20812201689105e-01  -7.49661675616605e-01  -3.21052626670166e-01  -7.24801474371944e-01  -1.87261150769338e+00   2.10882696642123e+00  -1.17850060000513e+00
   1.52037853457939e+00  -1.32854776972273e+00   4.03361676267015e+00   2.65179474006353e+00  -5.60494668721049e-01  -6.48461527684222e-01  -3.60398052680951e+00  -2.49300426585366e-01   2.65197936893716e+00  -2.26795801236433e+00  -9.33406942286081e-01  -1.41217700033706e+00   1.80676704855787e+00  -7.12608524449152e-01   1.63456880388189e+00  -9.75738747805571e-01  -5.50819437210422e-01  -2.98818993545773e-02  -5.12657048539563e-01   1.80009087293222e+00
   4.40873054556909e+00   6.03675190892921e-01   1.60007587266332e+00   1.37685467386813e+00   5.59901600343352e-01  -2.02827451571005e+00  -2.53486609526726e+00   2.08652908731156e+00   1.29450990716072e+00  -8.53639169451764e-01   5.39821581655524e+00  -2.90865241167543e+00   8.12090580212148e-01  -1.14236473501810e-01  -4.82702341416423e+00  -6.46643861848987e-01   7.04880309714318e-01  -2.06809781689817e+00  -1.17831822764219e+00  -8.79617631907313e-01
  -8.37564400480835e-01   5.50190028428538e-01  -2.34507789197397e+00  -4.56764391448429e-02   1.01719844781698e+00   2.59662402263818e+00  -1.19609311087229e+00  -5.27576414800257e-01  -1.39418882358828e+00   1.69153643331495e+00  -7.45831297326360e-01  -1.70176279535979e+00  -5.63659818825590e-01   1.30772040531404e+00  -1.88024538909689e+00  -4.84607667445502e-01  -6.46737904940552e-01  -1.74835986416704e+00  -2.31708247185335e+00   3.87807324458636e-01
  -3.52662829547741e+00  -5.47843143313906e-01   1.05159418279044e+00  -8.16315192217086e-01   3.36595504592157e-01   3.91757977708866e+00  -1.12680789119130e+00  -2.74862177205428e+00   4.53436142982086e-01  -3.64135819770028e-01   5.35251201284380e-02  -2.44012685350554e+00  -7.95871781604689e-02  -2.95337123347248e+00   2.40665543026523e+00  -1.31324958094547e+00  -3.13826313813080e+00  -9.30943724416064e-01   1.08222638197403e+00   4.61221907648646e+00
   5.81519599406393e-01   5.11779850502621e+00  -3.98434403994348e+00  -4.08144295154477e+00   3.14510833457994e+00  -2.90785391405071e+00   4.09472876928573e-01  -3.08842382475144e+00  -6.70460222867561e-01   7.62225312838014e-01  -8.83438389859834e-01  -2.39773822977708e+00  -1.08208688584738e+00   4.30392745299284e+00  -6.72769312696920e-01  -3.35478448086199e-02   1.77145774110738e+00   1.21540830724419e+00  -1.45868147162882e+00   6.96191464459779e-01
  -9.48580793537005e-01  -1.09895614505862e+00  -4.04272436939051e+00  -1.79004225875109e+00  -2.13517696236851e+00   4.81960123487740e+00  -7.64177390156293e-01   1.01372967439433e+00  -1.68915996979299e+00  -4.91445139033951e+00   1.76594832887791e+00  -3.82937108519358e+00   2.67985813753902e+00  -2.89635398388019e+00   1.92004901508900e+00  -1.44740735195656e+00  -5.74221895757940e-01  -3.05396577348381e-01   2.63391786410758e+00  -6.10954589044999e-01
   1.90465828274864e+00  -5.41383620490837e-01   7.29284638413266e-01  -3.56776971022351e-01  -1.12615935680388e+00  -2.93347466608496e+00  -4.11499127720373e+00  -3.17762475787511e-01  -1.67727827229831e-01  -2.00989320205954e-01  -2.24764644803589e+00  -2.55456188404838e+00   1.27248503801577e+00  -4.15146358981408e+00   8.80805576726056e-01   3.37427987331043e+00   3.10782216643256e+00  -1.20512114442788e+00  -3.05313579823656e-01  -8.01920872326359e-01
   1.15966451506227e+00  -5.76979135783739e+00  -1.92927864281969e+00  -2.09650731044640e+00   1.69595385771154e+00   3.83268506103356e-01  -1.38453901224432e+00  -2.27346392586221e-01  -9.90286220804912e-01   1.97465482572249e+00  -2.84479764301556e+00  -1.74034710622896e+00   2.14750250322471e+00   6.85896705652733e-01   6.32302676533388e-01   8.67018456166616e-01   4.26054779706925e-01   2.38169949217136e+00   4.06337930793561e-01  -1.34430341303583e+00
  -1.11478992934356e+00  -1.93154295300962e+00   2.37147428020727e+00   3.59135540798743e+00   3.76143966574249e-01   4.39573833303860e+00  -1.16835482000369e+00  -9.52824931353709e-01  -3.49247218483043e+00  -1.77457055128044e+00   5.26762945213015e-01  -7.01252375717239e-01  -1.40062714550699e+00   2.17291367373459e+00   7.64303222680627e-01   4.54144876111515e-01   1.07146814503303e+00   2.23795289527055e+00  -5.57672055844645e-01  -1.21789509117506e+00
   3.38142478239262e+00   4.88340268807241e-02   2.48320549623599e+00  -1.75188553876604e+00  -2.76930100135707e+00  -2.55236321036134e+00   1.45652318114007e+00   3.57104789820161e+00  -8.91053757014501e-01   6.42091807055946e-01  -1.97004799628743e-01  -9.29605931819605e-03  -1.73138232339871e+00  -8.06466581688580e-01  -9.26828631344041e-01  -4.98748152557374e-01  -1.92552077564829e+00  -1.17469524648085e+00  -8.35005810333396e-01   3.80969422634724e-01
  -2.81632640070858e+00  -2.08247117335429e+00   4.35124774286214e+00  -2.45027039845725e-01   9.55501096767383e-01  -1.63483276112405e+00  -1.26959816488200e-01  -1.70572175277551e-01  -1.10484796697237e+00   8.62518194020083e-01  -1.65856221370601e-01   1.73198699145216e+00  -8.86854460346415e-01   2.70266571916637e+00  -2.13352849902962e+00   1.95783267638730e+00   3.02420055952335e-01   5.75155830548794e-01   2.15737334799795e+00  -2.01376284653758e+00
   2.41577384737478e+00  -8.15415189164066e-01   2.07865097871855e+00  -1.50961060075961e+00  -7.73923914612966e-01   1.54113655049631e+00   5.69512347720184e+00   2.17172870849734e+00   1.22203138562371e+00  -2.66310499527186e+00   2.78813267866676e-01  -1.45101475343354e+00  -3.49321385391180e-01   6.04494614369302e-01  -1.33009225665718e+00  -4.55515151445113e+00   2.36310727257323e+00  -2.64855630449853e+00   8.55265355572641e-01  -2.49687830434071e+00
   9.70270047631263e-01  -6.52863095749759e-01   3.52938967766766e+00   2.50421390298756e+00  -1.08777108942137e+00   2.32488654074817e+00   1.76933282710346e+00   2.21167401351584e+00  -5.43326638167995e-01   1.87288141390229e+00   2.85748995381497e+00  -1.94233436106351e+00   8.92998409415949e-01   4.23943031887060e-01   5.69940460642577e-01  -1.76795671908657e-01  -3.06909389332881e+00   5.38966192276920e-01   1.14727135421808e-01   4.05167767236920e-01
   1.16358208191720e+00   1.06366831509845e+00   1.42017553607455e+00   7.21003803412479e-01   1.89727371620025e+00   7.62377215929651e-01  -3.74507186080542e+00  -9.95779938359020e-02   8.64674929716334e-01  -2.04196014052871e+00   1.49648521086426e+00   3.00714229611799e+00  -8.15350389758552e-01   2.88894644127416e+00   3.01724826693470e-02  -2.65329974294377e+00  -6.32560365011929e-01   1.52139138532676e+00  -2.90910756384688e-01  -3.70185191584886e+00
   1.39725802922008e+00  -7.74341705283189e-02   5.30799907185091e-01   1.69852706833909e+00   4.25156525965906e-01   1.74626436473605e+00  -2.06267914505849e+00   1.89126895967868e+00   1.65224341419225e+00  -7.10673306035971e-01  -4.28235342097450e+00   1.12138237718988e+00   9.27118194917043e-01  -2.82894295909203e-02   6.63917744070610e-01  -4.41260300741411e+00  -1.96679750414868e+00  -3.52922291885985e+00   4.03272416901127e+00   7.69671117434522e+00
   3.40572861220944e+00  -5.62358506357305e-01   1.57772866634564e+00   4.38729754821427e-01  -1.68928436331567e-01  -3.78264246717702e-01  -3.78884940841504e+00   3.62234637578471e-01  -4.33588951802769e-01  -4.96526955827847e-01  -2.52828333799062e+00  -1.15944939312232e+00   1.83196601619355e-01   4.74747828051977e+00  -7.80042699460952e-01   1.49036843831765e+00   1.24204621927536e+00  -7.53508199669902e-02   2.52069630295422e+00   2.05888359530359e+00
   3.67163987236194e+00  -3.69348192674015e-01  -2.34454742186815e+00   2.25443789572393e+00  -2.82558794199253e+00  -1.39590624781653e+00  -1.39625414393000e+00  -1.69440389229988e+00   5.11497888837507e+00   2.94961400927909e+00  -2.08228029408534e+00   2.76927084064401e-01  -1.70323273522345e+00   1.44592570153749e+00  -4.92341378339170e+00   5.33849476064550e-02   5.92578798202688e-01  -6.41783862748527e-01   2.98286225696512e+00  -1.84229923498736e-01
   3.19176173971502e-02  -4.07157726346153e+00  -2.36802305326618e+00  -2.84418024814301e+00  -1.03666970934945e+00  -9.56637302028098e-01   1.19977397566984e+00   2.51670994309063e+00   4.81311664942009e-01  -3.80781172048947e+00  -4.86714270685858e-01   3.19575303464635e-01  -1.01577239507848e+00   2.57723077405705e+00  -1.91349529463950e+00   1.88660672198397e+00  -6.72966868916575e+00   1.19951573609182e+00  -2.00016299041430e-01   1.30109586142702e+00
   2.10680606902019e+00   4.55894271448168e-01   1.02077844582000e+00  -3.60700406150850e+00   9.93877759702368e-02  -1.64543686168627e+00   1.93201542943101e+00  -2.54800476962381e+00  -2.17314079984760e+00  -4.86359611968016e-02   2.20301017306167e+00  -3.62900546701958e+00   4.11580174823197e-01  -3.40537808547060e-01   2.88301116200429e-01  -2.96741500943986e+00  -6.76486741039876e-01   2.10794781181060e+00  -1.17829987385775e+00   2.14515705687734e+00
   9.97122139015082e-01   1.95055328340891e+00   1.86433383653291e+00   3.17610012095053e-01  -1.06427201238409e-01  -2.31465956345105e+00   3.01352512146328e+00   5.58258980108123e-01  -2.22027649459671e+00   1.91362660597322e-01   3.42662445761247e-01  -1.99689749177527e+00   1.27964977868721e+00   8.69012692193470e-01  -4.00743955134674e-01  -5.59315342957547e-01  -3.16636327796295e+00   4.04542198284451e+00  -1.62125134495184e+00  -1.93466474113353e+00
  -2.10646600613657e+00  -9.09855427870701e-01   4.37381041488106e+00   1.12210635575805e+00  -1.02655875664475e+00  -1.39617744312012e-01   5.95873917117423e-01  -1.52044243799652e+00   1.26593330106007e+00  -2.78191904319445e-03  -6.56434949855269e-02  -3.65219199653059e-01  -1.84892922240993e-01  -4.05692974016353e-02   2.62597371925718e+00   6.75106147136393e-01   4.21906764224560e-01   1.95010781250923e+00   4.27428675396595e-01  -3.00971498403630e+00
   4.48298802695833e+00   2.03895072083428e+00   1.55832191175338e+00  -3.29273092290994e-01   2.28089901035855e-01   2.66516691868457e-01   6.57892227276857e-01   4.34121125256288e-01  -1.79609716129823e-01   4.97934943311700e-01  -3.01592339087465e-01  -2.39583044382677e+00  -9.49600913473342e-01  -2.88645559935314e+00   2.48406631928089e+00  -1.20795089766637e-01  -4.22192382005033e-02  -3.90743175698380e-01   2.77662524026828e-01  -3.35433426940608e+00
   8.78075449271606e-01   5.68795783461473e-01   9.68372869701468e-01  -1.22450038873135e+00   3.15959027454722e+00  -3.98380205275554e+00   2.02444839107367e-01   4.50604495923482e+00  -1.55486528233401e+00   2.70203472716257e+00  -1.74021657048567e+00   7.19969065351284e-02  -5.64444714035431e-01  -1.86732951975457e+00  -1.09577386642834e+00  -1.16759561090073e-01  -1.15472552166732e+00   1.86839682266396e+00  -6.43188540885981e-01   2.11687603649430e+00
   1.86307747521353e+00  -9.68479963364685e-01  -7.40398000819853e-01  -1.21438585360041e+00   8.66988767683676e-01   4.77528667891695e-01  -7.66349711556669e-02   2.16521510077395e-01   9.24928736758033e-01   3.80713545746248e+00  -1.12968684120281e+00   6.87830610190200e-01  -3.21801948348822e+00  -1.85875618248411e-01   4.15041052778428e+00   3.88114206532508e-01  -1.25085647182955e+00   4.27013359110618e+00   1.66486665063770e+00   2.50056240514497e+00
   1.10116999798341e+00  -1.35212359252378e+00  -7.76587395407977e-01   2.00955799279285e+00   7.95547033651155e-01   2.42592625493205e+00  -1.01250023558394e+00  -2.56825926217417e-01  -3.43766587941233e+00  -4.07903557844548e+00   8.10432087962900e-01   1.89365316014172e+00  -2.41886686973668e+00  -4.49533653863525e+00  -1.33910464617413e+00  -2.59424676127359e+00  -5.77640901316664e-01   1.63865159825076e+00  -1.75738915252626e+00  -3.24795801291878e+00
   1.05255231244695e+00  -2.30598609697206e+00   8.40297869916690e-01  -6.17620880296657e-02   5.32520343740875e+00   3.98422120744082e+00   1.33824862651193e+00  -7.35001598603043e+00   2.86408012634574e+00  -2.28231820308610e-01  -7.38326030964988e-01  -1.26158339425253e+00   9.12187440363841e-01  -5.63630566060231e-02  -1.44925348780387e+00   3.32039364348768e-01   2.92600112003342e-01  -2.59352340394186e+00   4.06861980566823e-02  -5.67870163009056e+00
  -8.30675210357094e-01  -1.74618932301826e+00   2.05777288928959e+00   4.49370893075719e+00   7.22886394156998e+00  -1.09079861409328e+00  -1.59879258321634e-01   6.61556173003592e-01  -9.05608373237909e-01   2.38602432153804e+00  -7.54815776346992e-01   3.00075530168627e+00   5.01287435834624e-01  -2.07064900304478e+00  -1.95080324645108e+00  -5.13143104352351e+00   2.29334078835917e+00  -1.53646941554332e+00  -1.68061429294661e+00  -2.37938690015344e-01
  -4.78315446655840e-01  -4.60267864999769e-01  -9.46272672046835e-01  -8.36625116035595e-01   8.96458124046612e-01   1.12482186451687e+00  -1.43923519140454e+00  -1.56428480607350e+00  -1.17718479381710e+00   1.20180291496116e+00  -3.29731122347924e+00  -3.59490497718082e+00  -2.55263816760015e+00  -3.53001718442661e+00  -1.64123020147302e+00  -1.40826538414713e+00  -3.21951384841979e+00  -2.10637798298873e+00   1.76494476775369e+00   1.48755075517994e-01
