ARMA_MAT_TXT_FN008
81 2
  -1.64629067674658e+00  -1.44528997722491e+00
  -6.73159334198894e-01   2.90858939402381e+00
  -1.13686152544738e+00  -1.67573238561723e+00
  -8.50242157937710e-01  -2.71162014869257e+00
  -9.22893114851496e-01   1.80491936587247e-01
  -3.28725129537622e-01   1.25698913420038e-01
   2.36096300824594e+00  -2.47879586637149e+00
  -9.05222148136523e-01   2.47754602440348e+00
   2.36726470541510e+00  -5.80566797367219e-02
   1.00979229605252e+00   8.17921432389050e-02
   1.67751445325235e+00   2.71496352343181e+00
  -2.38471840768907e+00   1.96401625852036e+00
  -3.72226926687114e-01   5.89857110441398e-01
   1.84569865860485e+00  -4.78647582339781e+00
   9.75585256655340e-01   4.42909620982152e+00
   2.14798083970222e+00   1.04776508021798e+00
  -5.39082483023573e-02   1.12221835451519e+00
  -8.78073626177610e-01   6.23479990126655e-01
   6.85203176816790e-01   1.07424358162759e+00
   1.53942093823264e+00   9.02007278542713e-01
  -2.54177193361937e+00   7.92210179268634e-01
   9.84767751149871e-02  -1.45237143408089e+00
  -2.37216087940274e+00  -2.22693656228961e+00
   4.66218988757363e-01  -1.72258194054850e+00
   8.03757483346445e-01   1.50864932236395e+00
  -1.85222965236384e+00   2.68678894747291e+00
  -7.25600789751822e-01   9.82496591497725e-01
   2.63195234005269e+00   8.62147521274733e-01
   1.09906199918594e+00  -4.33720503036544e-01
   2.96173633171500e+00   1.13953767647238e+00
  -4.25265461116180e-01  -1.16828074015121e+00
  -5.77826618210484e+00  -3.36965639804675e+00
  -3.59224417249419e+00   7.74469160280592e-01
  -3.27254330265229e+00   3.53405457144862e+00
  -5.39045597711833e-01   2.09690614517106e+00
  -2.68325620200082e+00  -1.81105478114023e+00
   8.03424060072415e-01  -3.03117136607220e+00
   2.58958026289745e+00  -8.72925126759954e-01
  -7.67013618895514e-01   4.44883596065720e+00
  -2.07307719865744e+00   8.01992852329777e+00
   1.65263127151437e+00  -7.69463897410803e-01
  -1.32024978485121e+00  -2.94893202687841e+00
   1.04725135845329e+00  -1.86343988561083e+00
  -2.42264510493028e+00  -1.31982966950603e+00
  -1.16777388358878e+00   3.32996685080385e-01
   2.44770132022003e+00   3.55748221069928e+00
   4.49047887961650e-01   1.79948963050058e+00
   8.62903901895369e-01  -7.58944942812240e-01
   2.38703658836762e+00   7.65278258671476e-01
  -1.11972101990484e+00  -8.33471025120741e-01
   3.88848163383284e+00   1.66222560672947e+00
  -1.84298907534808e+00   1.58892481109713e+00
  -2.33819720245728e-01  -4.74811945475306e+00
   1.10082921171819e+00   3.12009429754737e+00
  -1.15158681941773e+00   1.45174780642703e+00
  -2.49265551964714e+00  -1.10510031917309e-01
  -4.51378618194051e+00   1.49184836818208e+00
  -3.29137864309624e+00  -1.09376382622537e+00
  -1.76770416185417e-01   1.71984152370190e-01
   2.34907483515227e+00  -1.29207216398275e+00
  -7.07084506675036e-01   8.50802489715011e-01
   3.11543272671984e+00   3.20465215674650e-01
   3.09328244429401e+00  -7.64495878949901e-01
  -4.71358780210906e-01  -1.57656805976633e+00
   1.05315362611820e+00   1.96006186822604e+00
  -7.95471746664646e-01  -3.07057542646492e+00
   4.56709830647772e+00   1.58275644875347e+00
   1.23404900386378e+00   7.78771716772866e-01
  -6.13529047691112e-01  -4.42585575871942e-01
   2.59964734708901e+00   2.89530319975844e+00
   2.43334620335263e+00   1.01653674747775e+00
   1.10769598435270e-01   2.08793834168867e+00
  -5.20343606848822e-01  -2.22173008924211e+00
  -3.78483373659119e-01  -2.09448029272008e-01
  -4.01322825227622e+00  -1.16098715390881e+00
  -6.02936896207211e-01  -3.19887606540275e+00
   6.55901982492614e-01   2.55406125838262e+00
  -6.63106772597568e-01  -2.09333762726459e+00
  -8.03719561492617e-01   2.94925025761930e-01
  -1.63734487147467e+00   4.27662664932523e-01
  -1.05379467041634e+00  -4.92054052323228e-01
