ARMA_MAT_TXT_FN008
21 8
   8.48379406005497e-02  -8.46670993460967e-01   8.05263778013423e-01  -2.99497275892177e-01  -2.23781093232130e-01  -1.07190124790361e+00  -1.96183637898586e-01  -4.98673572669433e-01
  -8.92390049893772e-01  -1.55533551010800e+00  -8.39734980687252e-01   5.90466096615853e-01  -2.92862934333145e-01   4.55720884218552e-01  -7.76806129866099e-01  -4.23817690856585e-01
   4.93424563196883e-02  -2.99142957105434e+00  -1.65637363461440e+00  -8.59412267673213e-01   4.90706566246885e-01   3.59844531267737e-01   7.50829016557735e-01   4.27763729754615e-01
  -1.81065314990529e+00  -1.83546997591431e+00   5.51749901428586e-01   1.81461849418899e-01   4.78829305133623e-01  -2.25577462022731e+00   1.90007264902822e-01  -8.36986906674678e-01
   7.83034227586383e-01  -1.28985199731761e+00  -1.57870748227342e+00  -6.04665778209144e-01  -1.59965377263693e+00  -1.90003602569926e+00   5.86331922175672e-01  -2.89360067145303e-01
  -7.06901544432064e-01   6.22110722234576e-01  -9.92446862154125e-01  -1.71133701569525e+00  -6.39104545711637e-01  -6.60884959307392e-01   1.81249355134786e-01  -3.85035808556746e-01
   8.63225106022530e-01  -6.17016437106781e-01  -7.71886920343979e-01   2.08599691473506e-01  -2.64311666846566e-01  -3.78858370127956e-01   1.38416507410273e-01  -5.40306373071211e-02
  -1.90581917008927e+00  -9.39716453607861e-01  -3.77685998918196e-01  -1.17389864397598e-01  -7.81194615905354e-01  -3.57505359461070e+00   3.45479955287166e-01  -6.16227553799960e-01
  -3.27153644829200e-01  -7.14435456054691e-01  -9.22836176979203e-01  -1.20691920743037e+00  -5.93840457120762e-01  -3.07001238974743e-02  -2.97953690772833e+00  -1.00088268611662e-02
  -2.02793409305432e-01   4.55796980723550e-01  -1.62144484335691e+00  -2.81560061016642e+00  -6.90341886775887e-01  -1.20269295871509e-01  -1.31688036519744e+00  -7.04730734885419e-01
   8.92324047062848e-01  -2.93781319254806e+00  -2.69295530365124e+00  -1.01081786771381e-01   3.75249660923378e-01  -7.88100675482397e-01  -4.57985122183324e-01  -1.65172899668266e+00
   6.84718071189447e-02  -7.10955409995239e-01  -2.29251764928225e-01  -1.21655350105516e+00  -8.40876722560149e-01  -1.19785462617674e+00   7.39692192282241e-01  -1.45003194496970e+00
   3.87048199201979e-01  -8.29067872677993e-01  -1.60865602792116e+00  -6.29339862269666e-01  -1.94437530072813e+00  -3.14700786317420e-01   4.51149226586473e-01   6.77829386366372e-01
  -4.81689188146674e-01   8.95755542345117e-01  -7.08883254517692e-01  -8.51108272421275e-01  -1.38551652374260e+00  -7.53357100070787e-01   7.87852968823028e-01  -2.57520783001111e-01
  -9.48794263367350e-01  -4.50064381072358e-01  -1.18173489550290e+00  -2.74531808378670e+00  -7.14636545362544e-01  -8.93032053385891e-01  -9.28838989631123e-01  -1.53493419060012e+00
  -2.02622003110705e-01   9.63538818027395e-01   8.42569835337410e-01  -9.00739407074395e-01  -2.86427760484095e+00   7.27074388160440e-01  -4.39821459762586e-01  -1.53666964130166e+00
  -8.28902884227133e-01  -1.41547104103069e+00  -6.98447489830151e-01  -4.79589377976572e-01   4.49841230595337e-01  -1.38718968386500e+00  -6.05230619763239e-01  -1.05796620068882e+00
   3.68038651876188e-01  -2.26491122251834e+00  -8.60936154481895e-01   7.90631726189174e-01  -2.61196193156015e+00  -1.94655685121804e+00  -4.05154211823972e-01  -9.54176684798837e-01
  -1.28973986142291e-01  -1.56273462396370e+00  -1.11398067708498e+00   4.56902835012323e-01   3.09786620838369e-01  -2.17650230245339e-01  -3.02374856828130e-01  -6.96347230762567e-01
  -9.85599307329952e-01  -1.51888907283441e+00  -1.84286276515840e+00  -1.21286636890179e+00  -1.80337247606681e+00  -9.37899433018546e-01   2.57396574371864e-01  -9.81485072506112e-01
   2.03111947703279e-01   8.04510891255467e-01  -1.48941669006778e+00   8.07697059407548e-01  -9.00697354134822e-01   7.15877487990891e-01  -7.66158141909314e-01  -1.71225932306820e+00
