ARMA_MAT_TXT_FN008
10 12
  -9.97463161123416e-01   9.77016950004750e-01  -2.48063557080984e-01  -2.24828536179688e+00  -1.80191740468323e+00  -1.70495913336515e+00  -5.35985986269997e-01  -1.05655670264415e+00  -9.37366084137341e-01  -4.94559052860885e-01  -1.26633762499908e-01  -1.37020968028364e-01
  -6.13353959855953e-01  -1.76184053510599e+00  -8.82003345416862e-02  -6.45626450558777e-01   4.70007871715359e-01  -7.16802667562666e-01  -1.44082222081797e+00   6.93928032828428e-01  -3.13926589036292e-01  -1.99676141328808e+00   1.55733189690610e-01  -2.10797727304322e-01
   1.70012199478235e-01  -9.82154671086143e-01   7.86830047878277e-02  -1.98236579818871e+00  -8.55202554590258e-01   3.85760684856922e-01   3.64487051371938e-01  -8.78129946885752e-02  -6.84802376371624e-01   6.12478797894417e-01  -7.42666003054628e-01  -5.45363217168826e-01
  -1.29938379237371e+00   6.33283192881646e-02  -7.58523355013248e-02  -1.44822553121320e+00  -1.69688567490958e+00  -1.46907325039531e-01   4.43815631273962e-01   9.65899525178503e-01   6.84272665236399e-01  -2.57885036578295e+00   8.29852466313041e-03  -1.78576539436892e-01
  -3.54324547903915e-01   2.03528269383617e-01  -2.75560936215856e-01  -4.82417656371759e+00  -1.14967023502073e+00   9.33208202881001e-01  -3.75394483632775e+00   4.78367143756121e-01  -1.78010601157332e+00  -8.93614851770564e-01   3.91535937219426e-01   2.56140389718246e-01
  -1.65174200912168e+00  -6.67501035768074e-01   5.59316629133482e-01  -1.32478475973456e+00   3.42401108092070e-02  -2.69348893844847e+00   6.69313667034091e-01  -6.07985760651516e-01  -1.37182976992040e+00  -7.72433196913854e-01  -1.62009668314838e+00  -9.67732938907792e-02
  -5.79009183290423e-01  -9.84282149918640e-02  -6.40871003867005e-03  -1.03013883254504e+00   5.03072849943370e-01  -3.56653927226229e-01  -9.65962952902506e-01  -1.32114272035765e+00  -1.42783591843009e+00  -4.95563589497994e-01  -6.43249807547079e-01   1.95656416188605e-01
  -3.92027893468764e-01  -8.85888203872264e-01  -1.77701462132578e+00   4.87455350800841e-01  -1.66200822187775e+00  -1.61729871259751e+00  -1.14757661814576e+00   1.82435009798443e-03  -2.71943767901458e+00   8.68575378198713e-02  -8.50831298949971e-02   7.09584276852742e-01
  -8.17177463152611e-01   5.66638342632575e-01  -4.67572187508989e-01  -8.40485143326675e-02  -1.01623147261909e+00   6.34367387401282e-01   8.98676842356731e-01  -1.94500765385573e+00  -3.30767333815589e-01  -2.12657458812611e+00  -2.80495451931372e+00   2.49555719317455e-01
  -1.70537317516783e+00  -9.60247683301799e-01   6.80238267109020e-01  -5.11162823542173e-01  -1.60049409102695e+00  -6.88873052307286e-01   9.90811764254060e-02   1.45144685306721e-01   2.00485059246873e-01   3.92412742033985e-01  -8.11191545623533e-01  -8.68507376749541e-01
