ARMA_MAT_TXT_FN008
21 8
   2.89840505728350e-01  -8.99170930403444e-01  -9.88922766399498e-01   7.82265828719610e-01  -1.07976133570053e+00  -4.06170322006727e-01  -1.31044865242247e+00  -2.68677252129351e+00
   6.57273292222315e-01  -7.31680421840102e-02  -1.00531657320011e-01   3.01178862621243e-01  -2.36553711105654e-01  -2.10114631066206e-01  -9.18202299548501e-01   3.37175745831031e-03
   7.43829853594145e-01  -3.98572867176098e-01  -1.19251528865892e-01   4.67940501373206e-01  -1.75834972202624e+00  -1.89479663399495e+00  -6.32485601708745e-01  -1.49103353777065e+00
  -2.17495593444906e+00  -3.14912072676152e-01  -1.49608135921516e+00  -2.08584803164550e+00  -1.90748467101481e+00  -2.99824410676793e+00  -1.10149016892676e+00  -5.73057122130932e-01
  -3.11968337103695e+00  -7.83990324273697e-01  -1.53900505838823e+00  -2.73491687396068e-01   5.22087465526618e-01   5.12342514016053e-01  -2.11082577901969e-01  -4.57688704559290e-01
  -1.29194195316354e+00   9.68857167259657e-01   2.50124595360947e-01   8.09315260322127e-01  -2.99643258005048e+00  -1.69048721128189e+00  -9.07292988996294e-01   1.13208397397034e-01
  -1.14458191873932e+00  -1.69821433136073e+00   2.82655916439980e-01  -9.04474678360367e-02  -1.47228910724846e-01  -1.65881148042047e+00  -9.54789389814054e-01   7.03999733276665e-01
  -1.99825088865892e+00  -5.76721268311815e-01   1.12704130925894e-01   7.38877037296888e-01  -7.73013393183252e-02  -1.30824598046788e+00   9.98655354602873e-01  -9.22119642535336e-01
  -4.52938003887365e-01   5.51003519027497e-01  -1.07357093233016e-01  -1.92172749892038e+00   4.98732819686395e-01  -1.40372093059469e+00  -2.65146471806938e-01   7.38686943183362e-01
  -2.82034999674219e+00  -1.75757164951188e+00  -1.00798780658095e+00  -1.12780348037165e+00  -8.81219924316946e-01  -3.65823023361920e-02  -1.70664218785860e+00  -5.44506055810029e-01
  -1.63221389114132e+00   3.76299427241366e-01   2.01785301046246e-01  -6.70275190538052e-01   8.44048695493535e-01  -1.40939471629392e+00  -1.43126397899470e+00  -1.25791217690139e+00
  -6.91824776764796e-01   1.34295067874989e-01  -6.54378648525457e-01  -7.66138238614554e-01   7.13992899017402e-01  -2.51337932656834e-01  -5.25059924018625e-02  -9.30019453102741e-01
  -9.03055045663430e-01   9.64790257592489e-02  -3.35124758384307e-01  -7.63267928513948e-01  -3.01821093542335e+00  -2.79802592638696e+00   4.33168390237883e-01  -1.20427735634546e+00
  -1.96283090856190e+00  -5.07107747259650e-01  -6.92846036230071e-01  -8.39801617748851e-01   4.94430912187724e-01  -1.71393322917999e+00  -1.70991133405819e+00  -3.50103821000181e-01
   2.95230326517700e-01  -1.01471239981680e+00  -1.45006003924651e-01   4.63129616773808e-01  -1.48846985538348e+00  -2.38254554325952e+00   4.71851694837074e-01  -5.96988515553054e-01
  -3.17171402105290e+00  -6.60353689138176e-01  -6.42995210963297e-01   3.39434723685900e-01  -4.16064475119174e-01   6.27627359356384e-01  -2.75068854517368e+00  -1.74982609204000e+00
  -1.13659539365824e+00   2.46731308518659e-01  -4.91286349009057e-03  -3.82301135344711e-01  -8.94345016120323e-01   6.28371582951743e-01  -1.24983826768569e+00   7.87868993159262e-01
  -1.51480762056523e+00  -4.02481351422594e-01   6.05434270208175e-01  -3.00501876697412e+00  -9.55640236805789e-01  -2.04269010763866e-01  -2.16913515158848e+00  -1.55574739124230e+00
   3.08031120624422e-01   9.77795694002691e-01  -2.99094607680193e+00  -1.59117611273301e+00   4.08265629232177e-01  -1.46129101464645e+00  -9.35621736511236e-01  -2.87984472408876e+00
  -9.54295286866180e-01  -7.41033336837807e-01  -2.48222132444589e-01  -1.22349968107743e+00  -1.53652628374894e+00  -2.54120812149831e+00  -1.10229445910295e+00  -3.15270895432002e+00
  -7.23105819637986e-01   1.82612206025619e-01  -3.45353192040094e-01  -8.38061789831204e-01  -2.17157742024546e+00  -1.25031203054852e+00  -5.42760103515126e-01   7.28218972429837e-01
