ARMA_MAT_TXT_FN008
81 20
  -6.72764394613716e-01  -3.77709567639942e-01  -5.44872358772654e-01  -8.64948270574546e-01   1.30349441807664e-01   1.36730009044561e+00  -1.07672131984026e+00  -6.96438758750656e-01  -1.77243036614311e+00   8.37168130530965e-01   2.11633376151590e+00   4.44262255251615e-01   1.71970466574904e+00  -8.74310866408841e-01   7.39710886426608e-01  -4.61610086191253e-01  -4.59868799139987e-01  -2.73783265774647e-01  -6.83041775931884e-01   2.42329254812140e+00
   8.96260812945322e-01   1.83453682349342e-01  -1.33497080209024e+00   3.26097820922856e+00   1.18237853954884e+00   1.28150418788272e+00   8.05725878829435e-01   1.00285753777410e+00  -3.13010217081558e+00  -7.11128748779800e-01  -3.08429214980903e+00   3.07010847473043e+00  -2.02245609267945e+00  -2.33756183958697e+00  -3.31497005814008e-01   9.32602025504045e-01   9.13576213274563e-01   3.39302729462835e+00  -2.20437318102316e+00  -2.73871105879486e+00
   1.94635783451540e-01   1.37856600074284e+00   2.08339391408706e+00   6.63677308222969e-01   5.45887606797542e-01  -1.96094527562250e+00   1.45385163902224e+00   1.30919596350449e-01  -2.74106688048007e-01  -3.48990843850292e-01  -4.05757849045231e+00  -2.60044338250353e-01  -1.72287554719403e+00  -2.09973840532816e-01  -1.61151181295137e+00  -1.83299602754568e+00  -1.63584020798742e+00   1.95603199896383e-01   3.49501314775830e-01   2.07301798312665e+00
  -1.00538229745943e+00  -5.36327441437265e+00   1.46142466148276e+00  -8.11003227096090e-01  -2.35948785234622e+00  -1.22662453045745e+00  -1.40042104248106e-01  -1.62709853275558e+00   1.25817361014759e+00   2.90310577235203e+00   2.43204921717003e-01   2.23909094117262e+00  -9.00233858307680e-01   1.92215470825518e+00  -8.76004011070687e-01  -1.72757718524542e-01   1.38156868709860e+00  -1.53589599918844e+00  -1.39116620360056e+00  -1.85373286364647e+00
   1.18431291759064e+00   1.54002553623172e+00   9.92311515380341e-01   6.24184230973858e-01  -2.72263939943653e-01   3.92348014175441e+00   9.45597162380006e-01  -2.27202973281837e+00  -8.78009114229918e-01  -9.66775166853928e-01   3.00455666786027e-01   1.08452990037990e+00   3.97108522675125e-01  -3.60654485261007e+00   1.10450439692042e+00  -4.69198817423150e-01  -6.31944401530394e-01   3.23598683574244e+00  -2.15344198159612e-01  -1.75379289448935e+00
  -6.02783981516740e-01  -1.39696137343502e+00   8.45360953595625e-01  -1.68503100668603e+00  -4.02364076520943e-01  -1.00789932513020e+00  -2.59928315781733e-01  -2.81573298238186e+00  -2.31166601365083e+00  -4.87841081349503e-01  -4.14735728486458e+00   5.13860296804962e-01   1.88231515012994e+00   2.91268532239689e-01   1.72406984139656e-01  -6.84121982501002e-01   8.34413105925589e-01  -9.88593541022254e-01  -1.20835999653507e+00  -9.32645691866473e-02
  -2.37180166764045e+00  -7.59656639429172e-01   3.16261471085299e+00  -5.22453346821578e-01  -6.67313874429502e-01   1.21750059157203e+00   3.46630676635858e-01  -8.72700138966536e-02   4.24877303589013e-01  -1.81178603531677e+00   2.90209189160853e-01   1.72124075365051e+00   6.00447671904427e-01   1.66600467452035e+00   5.68748720016188e-02   3.86150823689438e-01  -3.90002519191594e-01  -1.75750067646556e+00  -1.03664163455095e-01   2.65844581686631e+00
  -1.39525839209515e+00   8.65023943698507e-01   1.65744291266712e+00   2.85262446778435e-01   3.68840020964311e+00   9.47458617413867e-01   1.87193479363184e+00  -1.92771780816957e+00  -5.91115719764425e-01   3.80269997158523e-01   1.54694557761929e+00   2.02732420677713e+00   1.68890089171847e+00   1.73554947116692e+00  -2.19725886726779e+00   2.50764026011383e+00  -4.59591670970614e-01   5.96399789271372e-01   1.43266941099608e+00  -2.88502640772715e+00
   9.84542600800703e-01  -4.64999721338568e-01   1.14295751724980e-01   1.36326260336684e+00  -3.65208161912862e-01   1.02156766938056e+00  -6.73575748007736e-01  -1.99934556796996e+00  -1.00550072480331e+00  -7.46626440003592e-01   1.80673991996643e+00  -1.39051371543155e-02   2.94954754180595e+00   3.70754269700630e-01  -1.51256392071107e+00   1.28763931233594e-01   5.33528336013398e-01   4.29566978847439e-01   5.55396797639200e-01   3.39375709159110e+00
   9.06738512226599e-02   4.82921412326905e+00  -1.27744322371398e+00  -2.50476149829993e+00   2.70003168924472e+00  -2.78275434644893e-01   2.71447094917006e-01  -1.66612082968162e+00   4.97159767364239e-01  -8.77715194308585e-01   4.83589627344530e-01   2.61284230871499e+00  -3.01688211361598e-01   1.26997753694168e+00   8.61077826105981e-01  -1.50419943087027e+00  -1.68684858819992e+00  -1.68687728352864e+00   2.92846321496076e-01  -1.30007656846200e+00
   2.13215764607823e+00  -7.90753290150574e-01  -2.12608793279963e-01   4.95095484085037e+00   1.41295678124604e+00   3.30049244655101e-01  -1.31620492591475e+00   3.45603938029509e-01   1.96761348249199e-01  -1.81555657253473e+00  -4.48528703061085e-01   8.25080490181128e-01   2.86862203151094e-01   1.97876637868871e+00  -2.83171282052000e-01  -1.99993786623100e-01   1.07686516552891e+00   1.20591971762523e+00   2.35965173732354e+00  -3.44069522932715e-01
   3.53588782988382e+00   2.03932180278020e+00   6.94857487258978e-01  -7.86475543458964e-01  -3.70947667170463e-01  -1.56431639404612e-01   1.10046279800886e+00  -5.10923451368936e-01  -2.54129136692490e+00   7.11615665325235e-02  -1.84351677299368e+00   1.90664484918908e-01  -2.20033283847471e+00   2.91347838059121e-02  -7.27953979213593e-01  -1.73708495358416e-01  -1.67119509146399e+00   6.64334517172534e-01  -4.48300370152757e-01   1.46099716811674e+00
  -1.09935853710133e+00  -2.71270057429090e-01   7.09133163826626e-01   6.88902578202341e-01   8.34397260568376e-01  -1.66452468456243e+00   1.18618112667682e+00  -7.10229143149748e-01   2.64526352598107e-01  -3.04759053613207e+00  -1.85620764382575e+00  -8.64991914888808e-01  -1.88129752257457e+00  -1.65652869390641e+00   7.88866682757553e-01  -1.49678574579373e+00  -1.22547017888394e+00  -2.53988971158338e+00   8.67426878790019e-01  -2.51484651978458e+00
   1.68101539265643e+00   5.41455700515572e-01   3.74981386013601e-01  -8.94445795005339e-01  -5.51565732960638e-01   2.57856936118037e+00   1.32396177959220e+00   2.72357246836216e-01   2.32581912177317e-01   3.93414198819337e-01  -1.07894839720898e+00   1.66943232588675e+00   8.24981236138806e-01  -1.68939186762309e+00   1.00923008916636e+00   2.46047260798914e+00  -9.04048981333713e-01  -1.37715028491109e+00  -3.53063724867598e+00  -1.01335039120353e+00
   1.95736414264281e+00  -1.50736769797526e-01  -1.74516784259359e+00  -2.38225044022965e-01   3.21973234483227e-01   9.13128138699699e-01   6.97788167916306e-01  -1.79701263737546e+00   1.02528698281213e+00  -2.04275045792979e-01  -2.16628597919448e+00   8.96131299311985e-01  -1.84186564008646e-01  -1.56388325638271e+00  -1.66261539798318e-01  -4.50172023169984e+00  -1.61186845139815e-02  -1.39085093763687e+00  -8.76127435524881e-01  -1.29925019618511e+00
   2.22086927608754e+00   6.61011012258491e-01   8.60988130570398e-01  -4.76095984404482e-01  -4.31497051201719e-01   8.02618876671500e-01  -1.50300852794191e+00  -1.36216167932743e+00  -4.77231455715734e-01   2.00815905143769e+00  -2.21597240700892e+00   1.37319406103037e+00  -2.91406915637717e-01  -1.65786498417205e+00   1.78045420752476e-01   7.45678535258283e-01   1.25270267925641e+00   2.76332157474994e+00  -2.30453453817839e+00  -1.91823629359619e+00
  -1.65010077963365e+00   1.87524844476161e+00  -1.82954131571694e-01  -4.84576212287640e+00  -5.93915251120738e-01   4.36720244669059e-01   1.75778328633103e+00   1.35990950670839e-01   3.60355881005891e-01  -9.42674255046980e-02  -2.65136899369755e+00   2.72418022056440e+00  -2.00769964029109e+00  -2.57688991337795e+00  -1.56356918360796e+00  -7.46676958227346e-01  -7.60167299291443e-01  -1.01426490803731e+00  -2.70774086057093e-01   2.35136889053487e+00
   1.61652919466099e+00  -6.03505775871969e-01   1.55258313882375e+00   1.07730140927695e+00  -1.62012309901307e-01   7.91172218164843e-03   2.49963530361026e-01   1.62262687297658e+00   1.06604094126205e+00   1.22057431103603e+00  -1.09889802571587e+00  -2.13583327586300e-01   2.09930288807853e-01   3.93934273967703e-01   8.76858751971906e-01   1.50068531553737e+00  -1.39069797674476e+00  -1.43291759973266e-01  -8.55797520190817e-01   2.88919148167618e+00
  -2.26083751499828e+00   1.53744329497085e+00   2.38111039711378e+00   4.21485592785993e-01  -4.67145274167782e-01  -1.55657973974257e+00  -2.31531379470844e-01   6.79785538775973e-01   1.25786961771300e+00   9.29380603538930e-01  -3.17172472291991e+00  -8.75681155392564e-01  -2.30345013302075e+00  -3.02081073060819e-01  -6.14345532300561e-01   6.45399061552464e-01   6.22550967452254e-02   1.23985528680371e+00  -5.33703055523085e-01  -1.23127788440598e-01
  -1.39735380280837e+00   1.37986222693256e+00   1.48516188311115e-01  -1.68143844807131e+00   2.06711329973021e+00  -7.13802638095622e-01   1.90474147760652e+00   2.60376384031099e+00   3.33544129209055e-01   9.67307981317522e-01  -5.59297232822822e-01  -2.99156372296589e+00   1.03686114026439e+00  -1.23521560178038e+00   1.43204842346977e+00   5.48978220640438e-01   3.54444971613422e+00  -7.17414117933147e-01   9.45349572628305e-01  -2.72166218210883e+00
   2.22549703347121e-02   7.90455388355006e-01  -1.81308832460638e-01   5.88446540563779e-01  -3.02615759868753e+00  -1.60499955295127e+00  -3.16240181505298e+00  -1.00743433305232e+00   2.22249405151181e+00  -3.30086989932974e-01  -3.06753722487904e+00  -4.47754572210367e-01   1.42319929467428e+00  -9.98525212306335e-01  -1.06513939552956e+00  -1.07036949175401e+00  -7.06862946060457e-01  -2.90521041486767e+00  -1.12990939173077e+00   4.96168332621780e-01
   6.02569892786958e-01   2.23615655921296e+00   1.49749817471314e+00   2.43815710723903e+00  -1.67484002894306e-01  -4.03866971291614e-01   3.36761761249697e+00  -3.64428091214581e+00  -6.42323177521290e-03  -4.86903696949410e-01  -9.12123591323023e-01   1.54334199933291e+00   1.04767184468931e-01  -1.68516016928335e+00   1.39251992329570e+00  -7.13618130422669e-01  -6.67928363821580e-01   5.38034336484443e-01  -1.79814208246228e+00   1.50993345013974e+00
  -3.53751979740903e-01   6.28076448447398e-01  -2.96180973180386e-01   3.38569454998996e+00  -8.38980148459919e-01  -2.50535894050391e+00  -6.77864712804989e-01  -8.51186443691141e-01  -5.45170021159208e-01  -2.41292355653283e-01   7.78014287707503e-01  -7.98945403173682e-01  -1.56107861239012e+00   4.14334535740746e-01   2.21291293865328e-01  -2.95256202489517e-01  -1.71264217665718e+00  -1.27177507358463e-01   1.34976764678240e+00   3.34211846285688e+00
   2.50234139266469e+00  -1.12928964732683e+00   2.39090164640100e+00   1.20418159823902e+00  -5.76104321456732e+00   5.10053285986852e-01   1.52764203625147e-01   3.94214148967847e-01  -4.45912021499977e-01   2.71038373026750e+00  -2.47063022841830e+00   4.49508407588243e-01   1.46966095716363e-02  -2.05044403843592e-01   1.37478746077708e+00  -2.41506872799776e-01  -1.10127853245820e+00  -1.29851199320908e+00   3.59140148572133e-01   5.39253991314075e-02
   1.85878865590150e-01  -2.29034320845443e+00   1.18142427681692e-01  -1.02520452596459e+00   2.83298878262869e+00  -6.87875650816961e-01  -1.40798311048614e+00   7.38096085758814e-01  -1.18536210274863e+00  -2.94391450670567e+00   1.55975658688097e-01   1.48192973786818e+00   1.20598076564584e+00   7.29461754526670e-02   1.74400694958168e+00  -1.77821768121398e+00  -1.02048349262568e+00  -1.11457049200459e-02   1.87136019011892e+00  -1.85252203507889e+00
  -9.68190537247625e-02   1.47414535603118e+00   2.38489308864513e+00   1.41108057663608e+00   1.07147828693967e+00   1.45326951983410e+00  -2.66194184194007e+00   5.42736762208537e-02  -4.42192870902070e-01   2.46169579649072e+00   9.14540424367575e-02  -1.28065094865785e+00   1.86934825579057e+00  -1.10436738762010e+00   3.72911466710085e-01  -1.42195011315984e+00   3.49889190475543e+00   3.93281782262335e-01  -1.65483540727338e-01  -1.18960088128208e+00
  -7.88556134292623e-01  -6.85959836785131e-02  -5.81775176104281e-02  -2.01266725267744e+00  -2.27125733680984e+00   8.64607892290978e-01  -2.04260123563526e-01   9.56152787757805e-01  -2.05186620717841e+00  -1.29853796614446e+00  -4.40455229492464e-01   2.28103810933000e+00  -4.25195851719103e+00   5.03492579623268e-01   9.86934556898588e-01   1.72961156949727e+00   1.43597859357271e+00  -3.26379540217777e-01   2.26255961830879e-01   1.36289966036986e+00
  -1.12686861059948e+00   3.81032545395436e-01   1.17516155205912e+00  -1.73291643952497e+00  -1.16920131247960e+00  -1.85617953039745e-01  -1.55717966982295e+00  -1.15905384152782e-01   1.88090946289385e+00   7.42524478854229e-01   1.01794161953832e+00   5.03119798756514e-01  -7.38387059307324e-02  -2.51665179856471e+00  -2.60667136141276e-01  -8.84940136800274e-01   1.76609587265985e-01   1.53598112897377e+00   7.73345818439332e-01  -6.90528128799017e-01
  -1.19793645133445e+00  -2.73689091409593e+00   4.66694091439135e-01  -1.19108229011538e+00  -8.31580580037691e-01   7.23911452795454e-01   1.06375205873699e+00  -5.14037171421271e-01   1.18128203191746e+00   6.23691730964766e-01   2.76445254692442e-01   5.01021526028896e-01  -6.78924972771279e-01  -9.70631401779228e-01  -4.11288053850705e-01  -2.95434773214039e+00  -1.75087595979453e+00  -1.17196999685503e-01   2.50501517626557e-01   1.67870216144153e+00
  -8.33792594869907e-01  -7.83256359454128e-01  -2.68753496376852e-01  -1.50444344154540e+00   5.51207299440535e+00  -1.12480080652897e+00   1.04554608006901e-01   8.15529352142276e-01   1.72078259873157e+00   1.03527731969004e+00   1.84130016356901e+00  -1.20116244961601e+00  -3.58318846663463e+00   1.98784573400538e-01  -1.89088512685233e+00   5.08571287954375e-01   2.79661908550533e-03   2.03046689188431e-01  -2.27510369757422e+00   2.04112705295687e+00
   1.34253204514615e+00  -1.53303542067245e+00   2.68983395840805e+00   1.04863653163006e+00   1.41184371626458e+00   2.11718516187269e-01  -2.03711301040387e+00  -4.78554137654799e-02  -1.43247854366244e+00  -2.66989564903606e+00  -6.28851818218472e-01   3.96740318421745e-01   7.94328294117302e-01   1.87764898405457e+00  -4.40294249421310e-01  -7.58323341516982e-02  -1.87401733675534e+00   8.84466394313450e-02  -1.55313096072662e-01   7.85678328360352e-01
   2.22299723142644e+00  -7.51049284478483e-01  -1.22902797908749e-01  -7.26726790591566e-01   1.71365820164204e+00  -5.51371227866659e+00   3.48801524934182e+00   3.18744095092216e-01  -7.96440198444868e-01   1.10999405442086e+00   3.14170545078466e-01   4.23031306494029e-01  -2.48556030289249e+00   1.12616272479338e+00  -9.78445609954158e-01   4.45168332847760e-01  -6.63808677416342e-01   1.96963920411887e-01   2.54786055591440e-01   1.11175327924554e+00
   3.98629469315398e-01  -1.12702166114978e+00   2.29107147767538e+00  -2.03118791240236e+00   4.94279745497505e-01   4.15709256207767e-02   1.67910760196805e+00   5.28908813339380e-01  -2.43358900875825e+00   6.47496056579961e-02   2.25656679060302e+00  -7.19766203844746e-01   8.79320198366375e-01  -1.34017082601977e+00   1.35071331178833e+00   6.68339131785327e-01  -3.21734695467243e+00  -4.14219697188409e-01  -1.18649429127453e+00   1.37638455884828e+00
   4.21856532516384e+00   3.48238900442273e-01  -1.11177312686056e+00  -1.02937305878033e+00  -2.15010296170799e-01   3.12113538569115e+00   3.40979340257688e+00   1.31996068929194e+00   5.78608960648592e-01   1.99835573118645e+00  -2.13500637584963e-01   4.27320417696415e-01   1.81083178102049e-01  -7.71262259055092e-01  -6.46887970173296e-01   2.73082355764172e+00  -1.82261845212163e-01   1.00839390253847e-01   8.23549770355764e-01   2.18484847884480e+00
   1.51327439202427e+00  -4.23423005250260e-01   4.00059869947751e-01   1.64185264062763e+00   1.03125900521523e-01  -1.33876264832413e-01   7.88552893195291e-02  -2.08003594756973e-02  -1.33275899163486e-01  -1.11480085165143e+00  -7.66368089369549e-01   1.00161383178076e+00  -4.78895520265005e+00  -3.24388344291839e-01  -1.56972962601438e+00   9.08416981405186e-01   8.63761781905825e-01   4.77435579296760e-01  -6.15131428259823e-01   2.48189368272364e+00
  -6.33865557490657e-01  -3.38926106334882e+00   1.38822734534917e+00  -7.70784172634836e-02  -2.74062278383429e-02  -5.80341741840368e-01  -1.25918287226165e+00   2.00545971600094e+00   1.09522110454083e+00   2.34836420078439e+00  -2.49640256740813e+00   1.00952018158823e+00  -1.01759658354614e+00   1.12433672844845e+00  -9.82228574536722e-01  -1.46818145081548e+00   1.11659450904866e+00   8.57416406746057e-01  -7.36899806005595e-01   6.96538631928655e-01
  -2.74814011325782e+00   1.32095520005101e-01   1.64663645872788e+00   2.72192280529289e+00  -7.88173726826537e-01  -2.57314810012498e-01   2.55858647664201e+00  -1.52896813379566e-01   7.53052315310182e-01   2.00376392035709e-01   1.28437095767563e-02  -3.33142129138039e-01  -7.49786789396785e-01   1.65038135622545e+00  -4.46417798022278e-01   1.64280319677318e+00   1.90881091204736e-01  -1.65859908959068e+00  -1.21166377165805e+00  -1.83985461370691e-01
  -7.62356941474879e-01   3.31406510611093e+00   1.24352417720619e+00  -6.08867293854568e-01   1.18294317517593e+00   1.74470755575090e+00   6.84559894791588e-01   6.21876735125113e-01   4.65268475889205e-01   3.77936674000857e-02   1.27058442946499e+00  -9.04888423066615e-01   1.41354944514925e+00  -2.37700545772873e+00   4.74227720647410e-01  -4.84264286386186e-01  -2.06347499018233e+00  -3.42498459555405e-01  -1.07644363706534e+00   3.13344980159912e-01
  -5.80023256981240e-02   1.24409982579133e+00  -1.45714699573829e+00  -1.29280759102553e+00   1.58068579149931e+00   3.10072234155485e+00  -2.29514292155734e-01  -4.86743118149212e-01   2.13159596997741e+00  -2.37544902359524e+00  -4.87957897373041e-02   2.44031680944494e+00  -4.07817620423535e-01   1.86771307905518e+00   2.49350347353660e+00  -6.37891913391535e-01   2.02622260346386e+00  -9.81682776512400e-01  -3.43691219847084e-01  -6.50390204763242e-01
  -4.18077671599880e-01  -5.79973257203809e-01   2.01494624655029e-01  -1.12928768237676e+00  -5.26141729007795e-01   1.25989478295603e+00  -6.52445418516503e-01  -4.33815073579428e-01   3.65997234993321e-01  -2.99221670332658e-01  -4.55273256989548e+00   7.39831244215069e-01   7.34745766943865e-01  -1.52318131364871e+00  -2.16224791147105e+00   1.24091498605526e-01  -1.95853620809872e-01   1.48436090796385e+00  -2.58141426206740e+00  -2.92227208324833e+00
  -7.41213751136828e-02   2.55736768733086e-01   6.54055293151706e-01  -9.22090727746397e-01   6.02976925348376e-01  -2.23016697666252e+00  -7.16397430727455e-01  -5.82973218517899e-02  -3.34834387458535e-02   7.71397180800803e-01   4.23437463106511e-01   1.10862412742028e+00   5.70814468873105e-01  -1.02432948519253e-01   2.26026666563457e-01   1.60933288806140e+00  -9.22370868410939e-01  -1.13293619055588e-01  -1.46474346165620e-01  -1.97605423522650e+00
  -6.99950238654762e-01  -1.42395036288001e+00   8.53765824874461e-01  -1.80021661372844e-01  -1.21079350352233e+00  -1.19508778130155e+00   1.00078789258360e+00   5.95784476384271e-01   1.37578039382140e+00  -2.29313320899041e-01   6.71966697995986e-02  -1.77027286298437e-01   1.52500987464025e+00  -2.60107483081555e+00  -1.30382803496243e+00   1.34935351483948e+00   7.03871025243070e-01   2.72875558734325e-01   1.85937499931004e+00   3.11886589278563e-01
  -1.07588693685809e+00   2.74195069464839e+00   1.02835000571047e+00   3.15166411629900e+00  -7.16464846959196e-01   5.00875931070705e-01   1.72530127420200e+00  -1.99155023215475e+00   4.10438700361393e+00  -6.37059679796639e-01   9.36594244447664e-02  -3.34921900805820e+00  -8.46071429911389e-01   4.64441291716033e+00   2.26802771000652e+00  -1.99566425879577e+00   1.75722301280347e+00  -2.72424797740346e-01  -3.75184380994838e+00   1.54643163926823e+00
   2.30969858175990e-01   2.27716119209814e+00   9.97644076372727e-01  -2.81899361723335e+00   3.32662587735520e+00  -5.28451101393685e-01   8.11987664866433e-02  -5.22702714140533e-01   2.13560757874695e+00  -3.76757307734923e-01  -5.01468539932655e-01   4.26721515410008e+00   1.49379581955633e+00   1.59247758041398e+00  -1.51952284050336e+00  -7.80124221376179e-02   3.25064038826918e-01  -1.04912264578750e+00   2.66237745643308e+00   5.59735710192842e-01
   2.65387668594609e-01   4.11484526617767e-01  -4.35611193047749e-01  -2.60284157636368e+00  -8.39880688944661e-01  -1.99797046929954e+00  -2.41706058443856e-01  -2.30139201537771e+00   8.48643285528896e-01   3.31894205484282e+00   6.50164830937778e-01  -4.08590161813921e-01   6.28170833594709e-01   3.93474414817712e-01  -1.04313275124848e+00  -6.77221201020128e-01   2.46486272122392e-01  -8.11486742251714e-01  -9.49682484735574e-01   8.58592610582988e-02
  -3.80450750750131e+00  -1.31631718420601e+00   2.37866570485353e+00   2.31248809140356e-01   1.08778697121703e+00  -1.17012937766315e+00   2.01906364646207e-01   3.65437842521328e-01   3.32453995609502e-01  -3.11438859998661e-01   8.77582425966580e-01  -4.77295402589402e-01  -9.33618117469982e-01   8.21079894028675e-01   7.07348501378608e-01   1.33747947138890e+00   9.69490940174814e-01  -1.83971308681702e+00   7.24685065187805e-01   2.69519922079171e-01
   1.09583085339879e+00  -4.85697244151791e-01   1.72578809434400e+00   1.58697858927794e+00   1.28413000240250e+00   9.61551013466208e-01   1.28640187052153e+00   8.21405083044758e-01   4.28873404717267e-01  -1.60309755330013e+00   3.70192935342044e-01   1.94953266014543e+00   9.81859656844123e-01  -6.61364450930276e-01  -2.69815310585847e+00   8.95163451605107e-01   2.54847907210368e-01   2.64045842003068e+00  -1.10093679795078e+00  -7.99855238607808e-01
   6.87498859117700e-01  -3.43972939848208e+00  -3.71491774586621e-01  -5.28400498749171e-01   2.70201139292879e+00   7.03421172000752e-01   8.58349703495315e-01   4.50048676318720e-02  -8.03564760944628e-01   2.67645717827240e+00   1.02956506150912e+00  -3.44302757220864e+00   2.11139580374691e-01  -1.91697838171857e+00  -1.24067070992380e+00  -1.14223601167076e+00  -2.16964716918347e+00  -5.13078569868014e-01   1.10135425561813e+00  -2.01792341987396e+00
  -1.23167312290156e+00   1.88941248722326e+00   3.99936238054899e-01   1.71638262339901e+00   2.07835517173740e-01   7.86820543699072e-01   5.97207913503552e-01  -2.48538208449897e-01  -4.23367710771792e-01   1.01199441505005e+00  -3.26008453477105e-01   3.46567190576231e-01   8.19619953193250e-01   4.56511481392723e-01  -9.51424767366069e-01   1.33441552473973e+00  -2.82602163428886e-01  -1.31498847848778e+00   2.20735649206220e-02   1.88199233741538e+00
  -2.53466942782261e+00  -2.12319754944951e-02   2.63999290441715e-01  -1.94590844861648e-01   2.62552814022540e+00   1.92513322333086e+00  -7.44914118851520e-01  -2.10086726036402e-01  -6.96014611495357e-01  -2.60001772396311e+00   1.12564276558015e+00   5.17508188574160e-01   1.37651838454073e+00   2.19983121421254e+00  -4.32070892534936e-02   7.54239044428284e-03   1.33572877192925e+00   3.49635641302851e-02   9.62642233534904e-01   6.75434775348199e-01
   1.51899339464081e-01  -1.34740064182250e+00   2.34598637833397e+00   7.48205293059179e-03  -1.99735394943778e+00   7.84609632070184e-01  -6.77700432832591e-01   1.33354142027268e+00   7.80181445714850e-01  -9.99092712030097e-01   2.47877438929874e+00   1.08107425296821e+00   1.96735702369720e-01   2.36191216294843e-01  -2.36509984263903e+00  -1.52551487120895e+00   6.60033241834097e-01  -3.31661381722909e-01  -8.50453836780918e-01   3.47488041867914e+00
  -1.35217973755891e+00  -5.21833276380734e-01   6.58025902305981e-01   3.12140972136662e-01  -4.84297466374636e-01   3.31112921380755e+00   1.71074338840327e+00  -2.54468033739520e+00   7.62058599778683e-01  -5.41138229676200e-01   2.66452680140826e-01  -9.58974192610787e-01   1.69272524473072e+00   1.30573370546533e+00  -9.54382746894049e-01  -5.13599352712438e-01   2.44704992647274e+00   1.59904396538784e+00  -1.30372638814668e-01  -3.15483201369352e+00
   4.10012445755059e-01  -8.89101619948269e-02  -9.34610853244393e-01   1.77791613898574e+00   9.03760856980226e-01  -1.36084398053062e+00   1.27762647890996e-01  -4.78445553486287e-01  -1.94691647796949e+00   1.26094757419615e+00  -9.06555054870459e-01  -1.19617348265526e+00   8.96222970599770e-01  -1.20117584845140e+00  -3.82361146043681e+00   3.74329466551521e+00   4.21907731759916e-02   1.30498936976497e+00  -1.16125251397702e+00   1.23591419404661e+00
  -1.32735216577780e-01   6.18256497678525e-01  -6.61228433131632e-01  -1.57839873236728e+00   1.01247491088416e+00  -1.49434285281319e-01  -1.30487727158722e+00   3.01065876568913e+00   1.25330206600292e+00   5.24385406003055e-01  -1.81687060221936e+00  -1.53845147409116e+00   1.18446481413146e+00  -1.19449458659872e+00  -8.20149548968632e-01  -3.04605902709628e-01  -3.84752557799340e-01   6.91178413397555e-01   6.24029638449500e-02  -7.54545005175390e-01
   1.68818834752485e+00   9.14890845825151e-01   1.32427859825638e+00  -7.14112267603031e-01   1.23452751632698e+00  -1.37792873252182e+00  -1.29015849636351e+00   2.45273963134518e-01   1.74630051663926e+00  -6.23162089672321e-01   1.23863238789582e+00   9.14061632643727e-01   1.28459745418871e+00   4.83049641361900e-01  -1.48064051055139e+00  -2.68303168262666e+00   1.01646151625436e+00  -4.00291491323526e-01   9.57651664308415e-01  -1.48104417554245e+00
  -2.26511840329141e+00   6.52564956788543e-01   1.09305303558354e+00  -2.15792177477984e+00  -1.45922883080742e+00   1.70035249367351e+00   4.59956965604224e-01   1.29250416308825e+00  -3.20867148566266e-01   1.32364289556161e+00   1.24583278843548e+00   1.56660229113029e+00   2.65552468282841e+00  -9.79325983765971e-01   9.55077505836411e-01  -8.32588833003520e-01  -2.02679785600326e+00   3.01591959853663e-01  -1.71629580455580e+00   1.28863644462017e+00
   7.27174591518132e-01   2.16797220753410e+00  -5.81110167548554e-01  -2.56057051715565e-01   1.16412960651837e+00   4.93508307625351e-01  -9.16454788560412e-01   2.30983800001415e-01   7.55175770924433e-01  -1.62066026383644e+00  -7.94115235865079e-01   4.59260267993052e-01  -2.41557177018717e+00   3.05226310542635e+00  -1.57191345771364e-02   7.65054344335333e-01   3.23077485176128e+00  -1.20908837557894e+00  -1.95569922474831e+00  -8.65402955011869e-01
   4.91756964577043e-01  -1.58175358296980e+00  -1.33203989827998e+00   1.69529663575717e+00   1.70999773292349e+00  -1.19459951833814e+00   1.61106899194585e+00  -3.36602311882286e-01   6.17165875175916e-01   2.95616165793296e-01   2.04925340618539e+00  -2.07001169931098e+00   1.21357168012751e+00  -7.69438346545602e-01  -5.33373032595367e-01  -1.33363626762174e+00   3.24655044757366e-01  -2.57522343377488e+00   1.32194348625926e+00  -1.91072235147159e-01
  -2.47852828953724e-01   4.16378134657375e-01   4.01477196841624e-01  -1.02395982395961e-01  -2.19521261535883e-01  -2.13284105156907e+00   1.32165301372255e+00   4.55306247054634e-01  -1.63040450021565e+00   1.87546776741352e+00   1.86753534279035e+00   1.47202105573691e+00  -1.64161977871681e+00   1.10324364253294e+00  -1.89318099965434e+00   4.40823212998578e-01   1.69152810926126e+00  -3.12927381339640e+00   1.17016976497104e+00   1.81294302949679e+00
   1.50489800300539e+00   8.27341572074419e-01   1.58324211663849e+00   4.55124852099961e-01  -1.97166291245245e+00  -6.98800985488032e-01  -1.55348855591232e-01   2.00707828400535e-01   9.29724205894527e-01   7.39451417772408e-01  -1.14118799698746e+00   1.67581692954171e+00   4.50474741497958e-01  -4.04045894755574e-01   2.79526882967784e-01  -1.08148032523799e+00  -2.11435832569643e-01   1.54028783457566e+00  -5.72722994896132e-01  -2.29825410771675e+00
   1.08379625777310e+00  -1.52068165012715e+00  -3.28252557205992e+00  -3.30532542362786e-01   3.57316491039967e-01   5.21498542163499e-01   1.07558058731922e+00   2.55385121893174e+00   4.10515455041602e-01  -3.28193852314685e+00   9.91633935310169e-01  -5.45916430051299e-01   1.54038659252297e+00  -5.97408885740734e-01   1.16130791433987e+00   1.12210672559049e-01  -1.89269445343460e-01  -1.99789819253429e-02  -3.74507612353022e+00  -1.00148590847138e+00
  -2.42783682548964e+00   3.97511500363746e+00   1.07422947706090e+00  -1.07881028832348e+00   5.00519210398500e-01   1.08846852539601e+00   2.56398993508080e+00  -4.20916359132227e-01  -3.59243729374146e+00  -1.43037043230877e+00  -2.03259661903281e+00   1.26821068219051e+00  -6.47541122393408e-01  -2.54031666316819e-01   1.54291567016615e-01   2.02655110010396e-01  -1.58692071768830e+00   3.08558612295449e+00   5.88821962589053e-01   2.49353890515001e+00
  -2.07424296406537e-01  -5.62801972826833e-01   5.08456935523852e-01   2.50831368716821e-01  -1.43739293379247e+00   9.25384146972130e-01  -9.20310348308884e-03   6.29440275466717e-01   5.35932261445054e-01  -2.82568281276335e+00  -4.18101724658957e-01  -1.77760370342062e+00   8.77865039936887e-01  -5.01727721937761e-01   2.23466710134849e+00   2.18630687080164e+00   1.37584917776437e+00  -1.20639565770937e+00  -3.07201250501027e-01  -6.51939804603675e-01
   8.27498678964774e-01  -3.41351769592019e-01  -6.71353839911328e-01   2.38382757789704e+00   8.51505434086900e-01   1.62641158415690e+00  -2.41554681136712e+00   7.26845571664560e-01  -5.45953404778852e-01   9.93021357885751e-01  -6.17548896060986e-01  -4.23929354552452e-01   1.50577722312080e+00   2.41905329762603e+00   1.72171890932238e+00   2.58455899581374e+00   2.14158183848717e+00   3.97717694331303e-01   9.49501110135453e-01   2.20697483960662e+00
  -8.41671978304312e-01  -1.89402203829088e-01   2.63127355159380e+00   1.52198054569258e+00  -6.08922749126923e-01  -2.85803025013987e+00   2.27857112279247e+00   2.00499705258842e+00   5.26279369912349e-01  -9.76441363969477e-01  -7.02644662009036e-01  -1.39603122256838e+00   2.02480513778399e-01  -2.80558032472739e+00  -1.59486708605107e+00  -4.53999794504542e-01  -3.96289667318213e-01  -3.21547748701284e-01   1.31108266695531e+00  -1.26652397023664e+00
  -6.31153790693670e-01  -7.28638753924960e-01   6.77788384993315e-01  -1.56850756724522e+00  -4.36114863662978e-01   9.25516755425847e-01  -1.24644953984809e+00  -2.66404422141918e-01  -1.91692498060452e+00   7.06156472654336e-01  -2.75941715270851e-01   7.12113964761268e-01  -4.05558243019720e+00   3.58225843029597e-01   1.33480665926791e+00   4.29292807413904e-01  -1.05599814896003e+00  -3.82738252380700e-01   3.84009634544271e-02  -1.33389401786365e+00
   3.34143543106477e-01  -2.33747195503214e+00  -5.01164341407254e-01   9.11652247765281e-01   5.90552315685993e-02   1.13634845612931e+00  -4.83566106572566e-01  -9.83933852122800e-01   4.54692564953838e-01  -3.41010029313763e-01   2.52848087344822e+00  -3.02937616810728e-03  -4.02030257246380e-02  -1.10727045468492e+00  -2.04924330175950e+00  -1.14388365133121e+00   8.00185965659450e-03  -1.18749158450978e+00   3.24710041410726e-01  -1.50141136379119e+00
  -1.76054093921333e+00  -1.27286033991341e+00  -5.25674658241400e-01  -1.45025384367664e+00   1.06166206454539e+00   1.20614799852253e+00  -1.08206037951744e+00   2.48671826711927e+00  -1.16624944047772e+00   3.45440577556753e+00  -2.75413122641984e+00   1.55209365841512e+00   1.10309215039524e+00   1.57862690078220e+00  -7.97983393697330e-01  -1.05389763374386e+00   1.90009668106919e+00   7.62394153320736e-01  -1.13209754118106e+00  -1.43257014150728e+00
   2.51217200255112e-01  -2.12841250843299e+00   1.31385256959890e+00   5.15439728518721e-01   1.56888338238553e+00  -7.78844634509817e-01  -1.61378951406355e-01  -1.70567435036664e+00   1.12077067353445e+00   1.80840075630017e+00  -4.24745976563790e-01   7.35933726943783e-01   2.27719278871485e-01   3.00545369519491e-01  -1.72345316316168e-01   1.78733634628083e+00   3.01280207947146e+00   1.18238600356074e-01   7.80803134660481e-01   1.16127865494942e+00
  -5.78468440202276e-01   4.49227907533088e-01  -1.31013467179873e-01  -1.09280865614507e+00  -2.16937376092739e+00   4.19415154190415e-01  -1.05903019339186e-01  -1.00029405058478e+00   1.09997794853431e+00   4.55126195551152e-01   2.24231281558007e+00  -5.01495666632611e-01   1.90296160961870e-01  -1.35413491132688e+00   1.28544098037210e+00  -1.42858438937279e+00  -8.61748956224513e-01  -1.12923662036013e+00   4.47919176483085e+00  -1.21233752732127e-01
  -7.77623517369285e-01   2.62967643294740e-02  -2.20949452981361e+00  -2.21793765841247e+00  -6.73984159351184e-01  -1.26018660952469e+00  -7.23485691436773e-01   3.75948920234863e-01  -2.36471440518602e-01  -1.23392736504298e-01  -7.17862831607947e-01   7.89056074221586e-02  -3.80467457719821e-01   4.82864124054197e-01   7.46966721589393e-01   1.38165264911652e+00  -1.62815540171333e+00   3.60682619607755e+00   1.60374789257139e+00  -5.30386772888625e-01
   1.03580248950154e+00  -3.91932557306786e-01   2.41923413002974e+00  -2.88109962072945e-01  -1.25752105399011e-01  -8.38495641466586e-01   8.39232174656665e-01  -2.66478064671065e-01   6.98001874894069e-01  -9.27444296518973e-01   2.33128194427999e+00   1.10491414728883e-01   1.35013078409691e-01   1.63517343446214e+00  -6.63316493833451e-01  -2.45406202310594e+00  -9.59661878569529e-02   7.08735964389618e-01  -5.36311497914044e-01  -2.38662859740437e+00
  -2.62333605203570e+00  -2.72328398868250e+00   1.27050852370690e+00   8.58825971370865e-02  -1.40427456496137e+00   1.15140894797971e+00  -1.17754935223031e+00   2.04789106883262e+00   1.75096637476154e+00   1.44759429085259e+00  -1.49864779843829e-01   5.91941118360125e+00   2.21674578465516e+00  -1.99493673333277e+00  -1.24147991629591e+00  -2.72418243654649e+00  -1.15489181819316e+00   6.71784461867276e-01  -3.27727534743492e+00  -1.84889008852522e+00
  -4.87603768951574e-02   2.36825850769037e+00  -5.41025991496610e-01  -1.17573297952926e+00  -2.61793668933850e+00   5.74936315953793e-01   1.31746466910962e+00   1.24693894558055e+00   1.96427784842014e+00  -9.99904830748547e-02   2.57477050836628e+00  -9.72427366471906e-01  -3.27903657956035e+00   9.54970462307899e-01  -3.09372346907491e+00  -4.50899127809129e-01  -2.08923325421965e+00  -3.02637649886987e+00   4.48811190610093e+00   2.88038656226343e+00
   1.38381710670302e+00  -2.08130588962626e+00  -1.28838812412631e+00   6.78041135328991e-01  -5.48778018225612e-01   9.96165215070439e-01   1.11362813205930e+00  -1.91844887309982e+00   6.28431857726683e-01  -1.77752041107676e+00   1.89778184949356e+00  -7.57937654275849e-01  -8.17093708851560e-01  -9.04720316548838e-02  -1.09285711880297e+00   6.94870616249179e+00   1.32323915745950e+00   4.02593579730681e-01   8.89359139838537e-03   7.45582814735277e-01
   3.84513982946904e+00   7.45028956800755e-01  -1.28839187301059e+00   2.02870351019488e+00   2.87370096007153e-01   1.25952080233417e+00   7.17719289627465e-01   4.64511402569635e-01   1.06968881085071e+00   1.81729324938962e+00   3.62824780675736e+00   1.49570857436583e+00   9.65421817138176e-03   1.71506544290534e+00  -1.69172464989722e-01   2.44282666531336e+00   1.32958461847372e+00  -1.40279140677026e-01  -7.66493134626914e-01  -7.10286027956250e-01
  -8.26797851396296e-01   1.30160926293328e+00   1.54768191400912e-01  -1.16259052498202e+00   1.13566403887401e+00  -1.12623651882142e+00   9.24575449981215e-01   9.91589425036325e-01   1.26766491120866e+00  -2.15278362433911e+00   5.00247421400132e-01  -1.22390155351927e+00   8.80750387627276e-01   3.22220218609839e+00  -2.15993169354172e+00  -1.23124108937356e+00   6.18956336093066e-01  -1.57630874099527e+00   4.39360719556323e+00   2.47989911236982e+00
   1.04970967728505e+00   3.01933338379784e+00  -2.38048513819386e-01   1.76456151957739e+00  -1.91393152763284e+00   1.97036046202484e+00   2.46437433678450e-01   8.03165217086818e-01  -3.55111391564178e-01  -2.31146147530365e+00  -7.40755930594987e-02  -1.97674846382733e+00   3.88279604301756e-01  -1.37786765626913e+00   9.43708629360351e-01   1.75771324292030e-01  -3.19808731855042e+00  -2.06841595611675e+00   1.85748239442285e+00   2.46654820962955e+00
   1.36529653582608e+00   8.17115276952930e-01   1.18763346256344e+00  -1.02698417535509e+00  -2.13719214694457e+00  -1.65180706655398e+00   3.50863547651064e-01  -5.98685591543959e-01   1.54704989590631e-01  -1.76522759382471e+00   2.06089798742455e-02  -1.67199215342621e+00   1.61517446955506e+00  -1.05590032813694e+00   5.92517421260381e-01   2.52820465144972e-01   5.62232836729803e-01  -2.71065866792792e+00  -1.15467990919478e+00   5.83660355473834e-02
   8.87059218941713e-01   1.93829284754874e-01  -3.01657373196855e+00   1.95152885557023e+00   1.06620921602389e+00   1.94313480936134e+00   2.08971262596093e+00   3.38606309295278e-01   4.25980609837332e+00   4.03077529161246e-01   2.06202464971595e+00  -7.36297844414349e-01   6.77120345981790e-01   5.05943464549166e-01   2.91142922890442e+00  -2.13716886759296e+00  -1.01927758069442e+00   3.58425101949785e-02   3.49062944483115e-01  -2.44876112794538e+00
  -2.83740741984553e-01   1.78291012739806e+00   1.94988519828879e+00  -1.28775418336533e+00  -1.95628735116318e+00   1.61088280982303e+00   1.16503321074504e-01  -2.59266350771214e+00   1.65161383879225e+00   5.19951110357111e-01  -1.00940351000551e+00  -3.79485485530776e+00   1.86472894613924e+00  -1.55143705344576e+00   1.93898910443601e-01  -7.33554733162172e-02   3.44095001862298e+00  -2.81294305478808e+00  -5.66744441550869e-01  -7.24735942909690e-01
