ARMA_MAT_TXT_FN008
81 2
  -6.14996029283834e-01  -3.01323055568667e-01
   1.31733847283011e+00   1.79911810370600e+00
   5.50394325891697e-01  -1.04202092028041e+00
  -4.24332585339956e-01   1.87944224809224e+00
  -2.52774426000465e-01   7.99695178654522e-01
  -1.27531203149226e+00   2.08323498719083e-02
   2.06339487634795e+00   1.71330543538651e+00
   8.17530178957906e-01   2.95517172597511e+00
  -9.06399302458305e-01  -1.53544422494022e+00
   5.04663015202151e-01  -2.20855906098407e-01
  -1.29721596740023e+00  -3.16032279449053e+00
  -2.43202481945089e-01  -1.27203565161601e-01
  -1.65395759832379e+00  -8.14666437661658e-01
   8.07190465958844e-01  -3.49458218192183e-01
  -7.10272999890268e-01  -3.33917637109542e+00
  -6.95740458145553e-01  -5.16599858563163e-01
   1.64594385839286e-01   9.72505930357661e-02
   6.56254538764474e-01  -4.56045918254586e-01
   7.97175816276888e-01  -1.15817382688764e+00
  -1.96003375911929e+00  -2.14057347492530e+00
   1.71050306419104e-01   7.23961270358774e-01
  -1.87590307632706e+00   2.51547143635555e+00
   1.06019854084888e-01  -2.42076807609383e-01
  -2.85572645120689e+00  -9.82993691722968e-01
   3.23654628899734e+00  -1.54378211351640e+00
  -1.55074357825268e+00  -2.34205127399780e+00
   1.16282465447804e+00  -2.46012322271051e+00
  -2.37191786972106e-01   7.77869839921958e-01
  -1.66565801181052e+00   1.45042845691941e+00
   7.53638834880826e-01  -6.88356457177742e-01
   1.86812555572227e+00  -9.17099864708297e-01
  -1.62938367086771e+00   4.98251552760297e-02
   1.22694789276535e+00   7.99169028721657e-01
   4.28224181435176e-01   2.70293822806619e+00
  -1.09815527328552e+00  -4.18098440587227e-01
  -5.83878195518424e-01  -1.69393165939902e-01
  -1.37793931184301e-01   2.26563512660141e+00
  -2.22164115307472e+00  -1.13613827770339e+00
  -1.02473037242416e+00  -1.12576059426526e+00
   6.97000037863003e-01   2.09375970094760e-02
  -9.19267890134727e-01   1.83117692183016e+00
  -1.57626511320223e+00   2.20359917631289e-01
   1.33385255940688e+00   7.17701853438338e-01
  -6.41245478800197e-01  -1.70666611463723e+00
   7.57195215784080e-01  -3.47490337830433e-01
  -1.15822527002285e+00  -1.03420440874072e+00
  -7.87154828257698e-01   1.36206558275619e+00
   1.15150456890426e+00  -5.43068409349341e-02
  -2.24701423487953e+00  -1.08425146377291e-01
   1.44074618267669e+00  -2.09952301826750e-01
   1.80614957301360e+00   5.81280477829940e-01
   1.69530392557913e+00   3.53075121701296e+00
  -1.70743680770652e-02  -2.38759935467044e+00
   2.87359704858349e+00   5.38484574234062e-01
  -3.33431842728486e+00   1.79883365255899e+00
  -3.02155426112508e+00  -1.42451139883230e+00
   1.78078730001147e-01   1.66807996212119e-01
  -1.42191774056045e+00  -1.85586844254250e+00
  -1.18528585895820e+00   5.05877709635647e-01
  -6.09214507091305e-01  -2.01931891701113e+00
  -2.21105624332730e-01   1.57709640594501e+00
   2.76426383766543e+00  -9.04557923463343e-01
  -1.39567260858697e+00  -5.06700954656521e-01
  -1.07312289485532e+00   7.86569927886293e-01
  -1.86700059486478e+00  -6.35197878807172e-01
  -1.60046896265519e+00  -1.41545399003216e+00
  -1.40296916830224e-01   3.66101360626907e-01
   1.47514391546988e+00   9.39545751049683e-01
  -2.45630906650712e+00   1.85535106521718e+00
   3.27671681066496e-01  -2.11246307262727e+00
   3.52997913754257e-01   8.84739096922203e-01
  -1.63961641760318e+00   1.58478955929787e+00
  -1.76267990423227e+00  -9.70183835047809e-01
  -3.62422596305865e+00  -2.61143734179370e-01
   1.27114830961919e+00   3.72134570208271e+00
  -7.63521369577536e-01   1.11365623231842e+00
  -1.49267198044329e+00  -2.57959599652447e-01
  -1.43966976637666e-01  -5.40591569774901e-01
   1.56993891128064e+00   4.33286019311254e-02
  -8.77783910697012e-01   8.00496314597256e-01
   2.52572254329648e-01  -1.91573977193684e-01
