ARMA_MAT_TXT_FN008
81 2
  -1.44099938391598e+00   1.69454209830692e-01
  -2.46678623190427e+00  -1.55306963249441e+00
  -9.34266279777718e-01  -6.41778154298662e-01
   5.23151842740132e-01   1.35473449416140e+00
   2.27537517355345e+00  -4.75185541017410e-01
   1.35385813637347e-01  -8.89171179692973e-01
  -1.62629108944091e+00   4.76909453373863e-02
   7.39175344947557e-01  -2.46423779837288e+00
   2.80785047601983e+00   2.60264018179987e+00
   1.88631078289031e+00  -1.35919859784736e+00
  -1.16608272913486e-01  -5.99558670738175e-01
  -4.08504376466150e-01  -1.59218221611927e+00
  -7.75410386029616e-01  -5.53862255458793e-01
   1.10738485812788e+00   7.82473947214884e-01
  -2.63100108932598e-01   3.16175783163576e-01
  -2.06954246510799e+00   9.36816301897408e-01
  -1.08978755421484e+00  -2.96762674012292e+00
  -3.96414798385579e+00  -1.88003786699793e+00
   2.19611284953890e+00   1.51231730694771e+00
   1.14617611426809e+00   1.59433609569447e+00
   7.62450399450620e-01  -1.20683875503323e+00
  -4.13138177369193e+00  -2.29892210475823e+00
   2.31074978315845e+00  -9.68593287377517e-02
  -1.69112131901050e+00  -6.35271931504096e-01
  -2.29547234581145e+00   1.10232273340291e-01
   1.49507524425159e+00  -4.82482725053020e+00
  -4.69186228076620e-01   1.26295641754061e+00
  -1.54814344746363e+00   3.27288899844258e+00
  -1.10264246574963e+00  -1.14034851257279e+00
   1.71666368320786e-02  -1.11209922465730e+00
   2.92539823023810e+00  -3.23285887388041e+00
   2.66589348400521e+00  -9.39895095183909e-01
  -1.16873199151006e+00   9.86799758471653e-01
   2.45319782497613e+00  -5.11543599593530e-01
   8.80791972770700e-02  -2.12931588150221e+00
   2.67601511081179e-01  -4.23753491421150e-01
   2.73073586440612e-01   1.48230459815834e+00
  -2.19258222009068e-01  -3.55130421071639e+00
   4.76620303041955e-01  -5.96907038683623e+00
   1.41489570621964e+00   3.61409010338469e-02
   6.13577906785299e-01  -6.30096003613723e-01
  -1.68093073690048e+00  -3.52076781216912e+00
  -7.93617478542546e-01  -7.55271385347899e-01
  -1.40748416001106e+00  -3.01435462670745e+00
  -5.03149251274604e-01   8.55131346228543e-01
   8.80213306410639e-01  -9.87233982154143e-01
   5.43730005868630e-01   5.73154576683363e-01
  -1.66683587245223e-01  -3.49703735589583e-01
  -1.52053216626410e+00   1.83696181192122e+00
  -1.85873333087867e+00  -5.06845025563381e-01
  -1.81920369466106e+00   7.68190916953347e-01
   7.18561479218463e-01  -5.45950826406186e-01
  -4.74456605080765e-01  -1.30359616793697e+00
  -2.61623762772744e-01  -4.47829650189575e-02
  -1.47183669880489e+00   9.94972519626429e-01
   1.93749052805776e+00   5.46476477203243e-01
  -7.09350290474215e-01  -1.94444027234512e+00
  -3.19590250266117e+00  -1.00407624695698e+00
  -3.20840443447862e+00   6.78852071847741e-01
   3.65754622906866e-01  -1.14680675106073e+00
   2.59347866718647e+00   7.05446593154657e-01
   4.54522766265056e-01   1.59005007338514e-01
  -1.11159224563207e+00  -9.60979282103087e-01
  -4.12975848978123e-01  -9.35144991873390e-01
   2.52066090316250e+00   2.26365248765019e+00
  -1.14546964936242e+00   9.28699016466570e-01
  -3.21210381172922e-01   9.30719533941541e-02
   1.32227449086779e+00   2.44275905636027e+00
   2.30555360224803e+00   2.86941497314168e+00
   1.14881898117017e+00  -9.60228383698833e-01
  -5.03534864120841e+00   5.64673830453967e+00
  -3.40616444513693e+00   1.18421592636345e-01
   3.37709280593191e+00   4.00115462896490e+00
   2.95895955864973e+00   2.95138552448777e+00
  -2.14263969423138e-01  -9.48279970374071e-01
   2.31061329745196e-01   1.39588938148967e+00
   1.28443565592096e+00  -9.08800014612260e-01
   4.20927357553672e-01  -8.39863996664744e-01
  -1.29444847223389e+00   6.28061904989626e-01
  -7.91681710985643e-02   2.33071675896967e-01
  -2.38449646020401e+00  -6.09430647257471e-01
