ARMA_MAT_TXT_FN008
81 20
   3.12397181500112e-01   3.13597961406590e-01   5.13946411678901e-01  -1.45325374194839e+00   1.02264173002268e+00   1.19161951028402e+00   1.26780537385535e+00  -9.02133762482621e-02   1.60980016343675e-01   2.50150066610400e+00   8.86667227731681e-01   1.97905971734389e+00   3.83708333303277e-01   1.51798977778142e+00  -1.54614877365917e+00  -7.35530923671406e-01  -8.71693049384283e-01   5.87741629622668e-01   3.78471051624140e-01   1.53455646470532e+00
  -1.60459866836569e+00   1.58861578207718e+00   3.02074483860387e+00   4.86080360645837e-01   1.22529623317868e+00  -1.70812579951103e+00   8.63430924898541e-01   8.47108723652986e-01   1.24034078327913e+00   3.90497308503310e-01  -2.26880224181953e+00  -1.77310104188550e-01  -2.33501656040039e+00  -3.01964224898261e+00  -6.24110268063513e+00  -3.29800317142650e+00   5.17602297385542e-01  -2.80489995351828e+00   2.25207757492500e+00  -1.71335784521618e+00
  -1.83993726853074e+00   1.02385718197123e+00  -1.31388473892527e+00  -8.10492175640129e-01   1.17353511355189e-01  -4.89664191792489e-01  -8.56166199707584e-01  -5.82534555015724e-01  -1.19036063239656e+00  -4.77183950622109e-01  -1.43239664706652e-01   3.10776894795894e-01  -4.68567046922887e-01  -1.19814555098975e+00  -2.64697918090813e+00   8.17367335692476e-02   3.26065658599892e-01   3.34916088457514e+00  -1.25961590311975e+00   1.20979626419760e+00
  -2.45553158932805e+00   8.39806061435513e-01   1.38409699622357e-01   1.33089119502107e+00  -1.38848971089132e+00  -3.86180229624088e+00  -5.48870053870216e-01   1.00163351341626e+00   1.76895393545472e+00   1.59862052511731e+00   4.29527115738848e+00   1.40001916163272e+00  -2.74086637769492e-01  -6.00735574116517e-01  -3.11847400697212e-02   5.83549917547766e-01  -3.44374688511448e-01  -6.06836247931144e+00   1.27865597799115e+00   9.42267652491588e-01
  -4.19245566343637e+00  -3.40880729869015e+00  -3.01094916706311e-01   1.38816312799285e+00   1.87907603721776e+00   2.73352569367657e+00  -1.05448590897610e+00   3.17449587132542e+00   2.49657630546252e+00   8.13170092932117e-01   1.50423696664317e+00  -2.09236202077244e-01  -2.31511701665579e+00  -9.32916583555586e-01  -1.40586485631676e-01  -1.38826168712149e+00  -3.42078579966892e+00  -2.93704774922166e+00  -2.46826897155762e+00   1.23617106376040e-01
   1.50545169206978e+00  -2.90772385422241e+00  -7.46741762394573e-01  -3.07381291046294e+00   3.24143311940584e-01   3.34002153647081e-01  -5.30963261252228e-01  -2.71045075829849e-01  -1.86937058055370e+00   1.73192918307701e+00  -7.14338052783821e-01  -2.98478127886857e-01  -9.58920558903379e-01  -7.61872437664267e-01   3.16240392060466e+00  -9.32508932166389e-01  -2.38847801739479e+00   1.97841980086377e+00   1.56584572502219e+00  -4.83844357756571e-01
  -1.03018319225973e+00   1.11738955981029e+00   5.06788302438792e-01   2.27231626548210e+00  -1.61129256369361e-01   1.25461524978890e+00  -3.01583669633071e+00   3.31544730366931e+00  -1.40583962673715e+00  -4.85557507668821e-01   3.97148131065464e+00  -2.59223056457139e+00  -5.55903588262914e-01   1.14189667337271e+00  -1.04689477823316e+00   3.28720977527268e+00   2.22537532050596e+00  -2.43342395747467e+00  -1.29719458441141e-01  -5.50149522597085e-02
  -3.72764287301011e+00  -1.96075847460805e+00  -8.19965805118172e-01   1.51077797273156e+00  -1.05640238776342e+00   5.01460816174400e+00  -1.48093468547750e+00   1.76934326025276e+00   1.21696060629508e+00  -5.46209375244778e-01  -2.17166044793608e+00   5.91160396203381e-02  -1.91794123352392e+00   3.35346917713768e-02  -1.48562207721700e+00  -1.15972290266342e+00   7.49746449704652e-01   1.44894497476859e+00  -2.96127610565641e-01   1.27720797922792e+00
  -3.46778861731079e+00   4.29288569206364e-01  -1.57135820079996e+00  -1.56721974703365e+00  -3.56964692606143e-02   2.77071414714994e+00   2.37833248482228e+00  -1.69870260658782e+00  -1.59887560653477e+00  -2.63217838365354e+00   4.78873861315685e+00  -2.07700148303784e-01   5.67400596777524e-02   1.81836683758373e-01  -2.16595555096666e+00  -5.69439965291792e+00  -5.54009868986728e-01   1.52253812009117e+00   2.48696937093592e+00   1.53024834341275e+00
  -9.28302295842426e-01   6.65832605399636e-01   2.25741841657396e+00  -1.34619364818888e+00   2.84239491877093e+00  -5.84477507484602e-01  -6.45852237034465e-01   2.62296501018154e+00  -1.34549633834799e+00  -4.44877513313108e-01   1.12975502776619e+00  -9.60607304727300e-01   1.54407577365984e-01   2.49207016886035e+00   2.15724092629218e-01   5.82973033354824e-01  -2.03315151910929e+00  -9.70904191267770e-01   1.38720071585805e+00   4.82403846155128e-01
   2.48930876300879e+00  -1.14659810975813e+00  -2.21987795128310e+00  -3.15990253748499e+00  -4.28620682861016e+00   2.75059180932715e+00   1.16635733751045e+00  -1.80011860537872e+00   1.54007073710823e+00   8.04567219921520e-01  -1.83115122294780e+00  -1.77701953023095e-01   1.00999551112430e+00  -1.18007488679247e+00  -1.79753363251947e+00  -1.27000413022137e+00   3.63206359042725e-02  -1.52955204455064e+00  -1.52352232101367e+00   4.42128834572696e-01
   1.73657946276199e+00   1.83866477629802e+00   2.33387134357669e+00   4.57066709899340e+00   1.56740208109796e-01   3.34665148919578e+00   6.88197524932275e-01  -1.98480723236205e+00  -7.64354486432051e-01  -7.85428445326308e-02  -1.08850133981802e+00  -5.61070970797487e-01   9.56398096936630e-01   5.52277537898377e-02  -1.26333409287050e+00   6.46808226519360e-01  -1.28949692803665e+00  -6.13648673358537e-01  -6.42239083001129e-01  -2.69359077286104e-01
   1.75793850067551e+00   1.42881529154233e+00  -3.77899101672616e-01   4.50700983799783e-01   1.92599794978802e+00   1.64483601926453e+00   7.26548465485742e-01   5.01772164256800e-01   4.39337476280300e-01   4.86005349293345e+00   1.08885826972869e+00  -8.19188097434528e-01   9.31027260695705e-01   2.18665856379579e-01  -1.30458701637824e+00  -8.81863083001883e-01  -5.29343270228900e-01  -2.10685675289628e+00   7.19163917882258e-01  -4.24919050603193e+00
   3.82997453126688e+00  -9.17119332907567e-01  -1.03894751065839e+00   2.83448564802973e-01   1.07015081432469e+00  -5.38997667230254e-01  -3.96798049306131e-01   4.98405063811437e+00   2.44396441838366e+00  -7.61853280988632e-01  -8.44591084715743e-01  -1.26555857492452e+00  -1.64824472920304e+00  -1.51605908599380e+00  -5.07451364637251e-01   6.41216825686675e-02   1.76592343799127e+00   3.85421581090476e+00   8.71596993418662e-02  -8.71009932567491e-01
  -4.49395509639976e-01   8.81206905993432e-01   3.70580482618780e-01  -1.51116719953914e+00   9.95241924298609e-01  -1.69669156213743e+00   9.51189128897918e-01  -1.74737906049796e+00  -1.13575980767748e+00   1.80496356653121e+00   6.52520600116477e-02  -2.80957827901297e+00  -2.00311956106170e+00   6.03241387296112e-02  -1.32051291226514e+00  -7.86032343791951e-01   3.69327422244820e-01   6.89207331096269e-01   1.90842713211167e-01   1.06732047982641e+00
  -5.33956370926720e+00   5.49508313410514e-01   3.94315192440873e+00  -1.23203700278766e+00  -1.97809794690821e-01   9.72328538027966e-01  -9.12988432171432e-01  -8.41857004481733e-01   2.70997153291386e+00   2.09620872736400e+00  -7.36860398072785e-01  -2.40672872947199e+00   1.17518669712516e+00   6.40183598892588e-01   2.11356121283022e+00   7.57895039502213e-02  -1.19544874751952e+00  -1.93493298974055e+00  -1.08555179474509e-01   5.02703538923664e-01
   3.88808834898300e-01   2.12474101067196e-01   6.25304807843665e-02   7.99644894571806e-01  -1.51023967897994e+00   2.49990016751563e+00  -7.34932152461143e-01   7.62736414478554e-03  -3.13772192426728e+00   2.18228730914554e+00   2.40093456533084e+00  -3.30476012820626e+00  -6.96346127035711e-01  -2.77369902514794e+00  -1.91425213881979e+00   2.94132281654759e-01  -4.34673117241486e-01   1.98823225211673e+00  -1.65253000737472e+00  -3.29175555888981e-01
  -4.78447149220001e-01   8.19594441682194e-01  -4.43297386462095e-02  -6.48171246568426e-01  -2.10546811844840e+00   7.95566961389992e-01   1.81565266535894e+00   2.20363648718080e-01   6.31107926589591e-02   1.52885063850171e+00   5.41029005605567e-02   1.19419883223495e+00  -1.26575593536925e+00   2.50731444084817e-01   4.66479580431843e-01   3.92361786161074e-01  -1.79225013594200e+00  -4.58628137783557e-01  -3.19606597143087e+00   5.26144063305210e-02
   5.64082528728646e-01   2.53895234920090e+00   6.59439710746770e-01   5.34138937433094e-01  -3.82403015887852e+00   1.14828400577117e+00   1.12474013622987e-01   1.97481910416695e+00   9.36859843965492e-01   1.67420131705617e+00  -1.20944904181175e+00  -2.06575092796160e-01   1.31928103367010e+00   1.08879646444543e-01   1.20363190086401e+00   1.48058178665037e-01  -2.56314160733937e-01  -6.32530307568148e-01   1.26303962316144e+00  -7.57820413883908e-01
   2.90232537791780e-01   1.34075690248974e+00   1.84289330585333e+00  -3.61459297718087e+00  -4.39056878618431e-01   2.14782481031569e+00  -2.02310424280503e+00  -3.92197066546229e-01   2.40681692910399e+00   2.83940602186630e+00   2.86751833577950e-02  -1.41932594449185e-01  -1.20036755781757e+00   4.88020062415710e-03  -1.99402333304504e+00  -1.29771588435593e+00  -2.36493215237692e+00  -2.38524191225286e+00   3.00014722827591e+00   7.32086783738516e-01
   3.15376868442932e+00   2.56252606103113e+00  -1.39998266557805e-01   2.09260935141574e+00   7.68450543390312e-01  -3.98047985980821e+00  -2.57692594329907e+00  -9.98644965486509e-01   1.26039829699502e+00  -8.18445803272173e-01   7.18862356910840e-01   3.87866596496617e+00   4.79467427545568e-01   1.08625768083705e+00   1.48955531100022e+00   7.93373219919998e-01  -2.43921461340055e+00   3.31354539327796e+00  -5.91356911102588e-01   7.03148408004249e-01
  -4.19729971002633e-01  -1.58537989212841e+00  -1.27643188829232e-01  -1.56191794327420e+00   9.48409839619991e-01   2.80355385237054e-01   4.32486761045301e-01   6.88711256584132e-01  -2.56827736132082e+00  -7.47932050767379e-02   2.20024687425367e+00   1.37167753899598e+00  -2.30530878467421e+00  -3.60900925898639e+00   5.01644568951686e-01  -1.62072504110621e-01   4.77728786498123e+00   2.32032380341825e+00   8.79809622141514e-01   7.12296286060543e-01
   2.14174426404974e+00  -1.55229821519470e+00  -4.24390013041465e-01   3.14539845746290e+00   1.85724108726713e+00   1.74877146363334e+00   4.45709799286798e+00   3.84577187193535e+00   2.20777554989415e+00  -1.57190120909804e+00  -1.17988941919545e+00   1.14411256326095e+00   2.42954411560526e-01   2.78264913192912e-02  -5.03214385917744e-01   9.28664627390995e-01  -3.43742227913665e+00   1.64545191604232e+00  -9.17874014751264e-01   8.08452745011917e-02
  -2.62149505032062e+00   7.91596860385223e-01   1.45060053346423e+00  -2.92526568882913e+00  -8.53524593217745e-01   2.62715380803138e+00   2.33344694732896e+00  -1.17874777944944e+00   1.62026144176136e+00  -1.75123288605843e+00  -8.88367062000286e-01   1.43822869183052e+00   1.28492336489199e+00  -4.17024990179983e-01   9.16711111511394e-01  -2.51854585736628e+00   1.98500290314815e+00  -4.09061556024954e-01  -4.29004823736110e-02  -3.28989326508544e-01
  -6.06300389442984e-02  -1.80014948484379e+00  -2.88301366195601e+00  -1.12444895173636e+00  -5.46666079686909e-01  -1.11251229450281e+00  -3.67263590396908e+00   1.50709384205611e+00  -1.09455771662897e-01  -1.22662357085106e+00   1.45787415958024e+00   1.30436689015135e+00   2.87992668117836e+00   3.18848964717060e+00  -1.21381764127004e+00  -5.17169860852395e-01  -4.05444905457397e-02  -2.49998927781256e+00   6.49173375407730e-01  -8.91972532490641e-01
  -4.55283678171916e-01   5.56187188158798e-01   8.37591543238900e-01   3.89678991216167e-01   2.84561700459244e+00   1.15799833714308e+00   5.73893139149452e-01   3.27098294407509e-01  -3.26435747342136e-01   1.21836429009629e+00  -2.37222101548238e+00  -2.33724941846411e+00   2.06357759841144e+00   4.44839755885230e-03  -3.39521107916255e+00  -8.16894179534878e-01   6.76073330368813e-01  -4.02669735838131e-01  -2.21955995459256e+00  -1.57743884020689e+00
  -2.18666650441541e-01  -1.29353941681683e+00   1.41777196803818e+00  -3.64043494046414e+00  -1.07147720724216e-01  -1.01107020333848e+00   6.85290477475198e-01  -6.87765057486144e-01  -9.21476196208407e-01  -1.20316170609837e+00   1.81194121600832e+00   4.53864483294598e-01   2.13575224819987e-01   6.24359217098368e-01   3.23233616215621e+00  -2.57100644221712e+00   6.32947896362368e-03   4.14431386351574e-02  -3.62143123191687e-01  -3.87091350665459e-01
  -3.93719207230563e-01  -1.40391784902544e+00  -1.39940867028215e-01   2.12361299654702e+00   4.33896106812868e-02   1.18302205622239e+00   8.98630269969617e-01  -1.40924273714008e-01  -2.01438514479935e-01  -3.11268758666352e+00  -3.60725015617721e-01  -7.36767714541146e-01   1.72089481512120e+00   1.96070685214944e-01   5.47718112466641e+00  -2.10741794289642e+00  -1.07965559433860e-01   1.91260558728216e+00   5.05606130075191e+00  -2.51681731592929e+00
   3.83455754156342e+00  -1.53390666952027e+00   1.81044689034128e+00  -3.32728396330259e+00  -9.88956639169161e-01   2.00188025972733e-01  -9.22351133597929e-02   3.67094992074345e-02  -1.26780641725649e+00   6.06069918379170e-01  -3.31302037847344e-01   4.59295954774164e-03   3.36173411352297e-01   2.42716014520906e-01  -1.87016352900972e+00   1.43621912098699e+00  -2.32827416303008e+00  -6.35428898452322e-01  -5.15267643470139e-01  -2.00509137557957e+00
   2.22149625706907e+00  -1.34749107893367e+00  -1.03415783083950e+00  -1.05104178988460e+00   1.03555498087207e+00  -2.91941921854577e-02   1.26008581703436e+00   6.06641725861147e-01   1.04798367378913e+00   6.69806699844793e-01   1.65253529347579e+00  -7.73887907809909e-01  -1.09138219019822e+00   5.90442036963371e-01  -2.35175823387898e+00  -3.93774900489025e+00  -8.85251912422020e-01  -1.39199905204748e+00  -5.01880274661644e-01   2.56079217705599e-01
  -5.95880061929210e-01  -4.60499833782844e-01  -7.47480631222725e-01  -2.70585765082773e+00   1.12400366813859e+00   7.22804852299322e-03   5.90765028960521e-01   6.29322454045459e-01   1.19522000160324e+00  -5.74599571452418e-01  -6.65212514421480e-02  -9.54051470817965e-01  -2.02654445687510e+00   7.04156502891235e-01   9.08731412364341e-01  -1.68598703606198e+00  -6.17916718343929e-01  -1.43883115324423e-01   8.03920801500840e-01   3.19086300364985e+00
  -7.07935605508483e-01  -1.96767608707559e+00  -2.11706423850834e-01   1.68508142548240e+00   1.32920472996424e+00  -3.79795735903595e+00   1.99089974120544e+00  -5.34319917916716e-01  -1.43325383987490e+00  -3.14021322366302e-01  -5.30452835000739e+00  -2.95238271443783e+00  -1.79987050310440e-01   1.18983015116182e-01   4.13291410550996e-01  -3.04902591783720e-01  -6.09100543620879e-01   1.37305342544378e+00  -2.19389129244815e-01  -6.54301391018722e-01
   7.20995318880191e-01   8.97836952521586e-02   4.81481066171457e+00  -3.16350734318170e+00   9.01859529879049e-01  -1.13784870812178e+00   1.28387719433718e+00   3.35439203657471e-01  -1.97718926550858e+00   8.64019991973899e-02  -1.15078695280160e+00  -1.02255626308758e+00   4.04796291397437e-01   1.80125321913186e+00  -2.95031274622261e-01  -2.08824429255444e+00  -1.05470377884201e+00   1.49514631165422e+00   1.34345473113446e+00   1.37964348416431e+00
   7.74408776121116e-01  -1.50274534491249e+00   7.04975165732682e-01  -8.72504760481657e-01   9.58136129559011e-01   4.85098549813979e-01  -5.37661569200275e-01   4.31801782573413e-01  -2.21245297199349e+00   2.41392599886768e-01   4.04999751437479e-03  -1.54376275803472e+00   1.54008546888420e+00  -9.10838489760482e-01   5.06427673982831e-02  -2.28469557088270e-01  -7.36369252254901e-01  -1.44705389014487e+00  -8.29568419605587e-01  -1.68605319917217e+00
  -1.06053444290210e-01  -2.52127790693290e+00  -3.64762880474234e+00   6.52050071896572e-01  -2.74913867488013e+00  -9.70961494395362e-01  -2.42016889128642e+00  -6.42561446783910e-01   1.43885272269206e+00   6.52766022910982e-02   2.01666023801510e+00  -1.80308330104551e+00   6.00532173486975e-01  -1.72595280484606e-01  -1.22750270995910e+00  -1.95341702378954e+00   1.50806647110001e+00   6.54673184631402e+00   1.54408980703407e+00   7.50893186198155e-01
  -3.41378619360459e+00   3.75827722434424e+00   4.35329761048304e-01  -1.48961992218249e+00   4.37343309070696e-02  -9.80099817114579e-01   1.95020898519649e-01  -1.01176397017820e-02  -7.37061188352603e-01   1.31472696929743e+00  -5.27974111045725e+00   7.97949506153252e-01   6.34159085035508e-01  -8.47745646100708e-01  -5.76724494346510e-01  -4.32847750882324e-01   9.40258663918377e-01  -7.31167891825572e-01   1.22239054053020e+00   7.79855543342606e-02
  -6.60471241255002e-01   3.74180497692965e-01  -1.89019832605714e-01  -3.63022619255841e+00   1.20658779854750e+00   1.79971878647779e+00  -4.35990610988128e-03   2.06939087111238e-02  -2.50021824081895e+00   1.95210991220174e+00  -1.21401078778975e+00  -1.02054594101141e+00  -1.54240251451031e+00   4.95908005480514e-01  -9.20764773379874e-01   4.51823646961670e-01  -1.05978021341942e+00  -1.65892114574360e+00  -1.27954011359239e+00  -1.52474668308653e+00
   2.98078458286728e+00  -1.24335079544790e+00  -5.60066502957568e-01   1.30521715342955e+00  -8.84260082720581e-01   2.75146429896468e-01   1.29771566742089e+00  -7.88517672504795e-01  -6.56293644057218e-01   6.86011483208934e-01   1.21146653275872e-01  -1.20218573202923e+00   6.49230196165951e-01  -2.02012712827736e-01  -2.11812750544438e-01   1.12193480522339e-01   2.53673155013842e+00   1.72887334167732e+00  -1.13342394656630e+00   4.06471478722376e-01
  -1.01344335415064e+00  -4.87861885692608e+00  -3.02807382395878e+00  -7.16202325113396e-01  -1.40428362136919e+00  -2.37717984330411e+00  -1.72922583632734e+00  -2.07022865816742e+00   1.40307889208931e+00   1.33544139962846e-01   1.50029179411641e+00   1.43552234723030e+00   2.92368909858160e-01  -9.12971221928248e-01  -2.03858650342041e+00   1.72718716770653e+00   1.50005634924788e+00   2.42640008652768e+00   1.93164205906142e+00  -1.62768467217717e+00
   6.82867270406317e-01  -4.55446515540479e-01  -1.64044911872363e+00   2.59668523039401e+00   3.31240461963989e+00  -1.72647318455904e+00  -9.41507680188422e-01   2.27217256596869e+00   8.31326517048632e-01   3.10475644212638e-01  -1.22430705338078e+00  -2.72116228336364e-01  -5.80189046529045e+00  -1.31434448125142e+00   1.60236894327838e+00  -1.07026810501969e+00  -7.13522636826298e-01  -2.87266735660504e+00  -1.96030753458088e+00  -8.42447382452935e-01
  -1.96217657418709e+00  -9.13631394548511e-01  -3.48869513004178e+00   1.22646005348841e+00  -3.13234785969743e+00   9.29021347098281e-01  -1.93146329630436e+00  -1.52717407709565e+00  -1.48722966429101e+00   2.05204460479835e+00  -4.41782991236742e+00   6.68368681903462e-01  -2.28057447135068e+00   1.54606931901321e+00   1.49719536779051e+00  -4.27176789027262e-01  -1.88164843108957e+00   3.98549640343287e-01  -2.80261874152887e+00   7.42818404889654e-01
  -1.25222110141338e+00  -2.98442076161092e+00   5.07827298250045e-01  -1.69179983530137e+00  -1.36201014444002e-01  -3.70041105866777e-02  -4.42482727303241e-01   6.75301822801962e-03   5.20456005192423e-01   7.26955112457797e+00  -1.44564187456723e+00  -1.34325946179133e+00   3.81955370781356e+00   1.37369107281325e+00  -1.67629272306855e-01  -9.86832851986199e-02  -3.17544622081801e+00   2.02633092825665e+00   5.02540851494713e-01  -3.92760848204546e+00
   1.26858262406895e+00   9.64099792619881e-01   1.58702841559361e+00   1.32601139395877e+00   1.49784271165976e+00   6.43539451658083e-01   1.30097544512793e-01  -6.27482556272902e-01   1.12570975142057e+00   1.02557378143424e+00   6.11208186980330e-02   2.94951438848043e+00   2.66133695308676e+00   1.65916370800392e+00   3.37748090466518e+00   6.69617126504063e-03   5.72623882980991e-01  -2.46384446463318e-01   1.83558431125472e-01  -2.14374511993701e+00
  -1.74886080844444e+00  -2.50881513851793e+00   9.35519840300152e-01   1.64355932763208e+00  -8.01707455062795e-01   8.30762610004334e-01  -1.05469326804128e-01   4.62747686634279e-01   1.53323068239158e-01   1.96776292411337e-02  -1.86566925969113e-01  -9.99278057815519e-01   3.27157119625309e-01   2.03720695196979e+00   1.08826049887572e+00   4.27476954126619e+00   4.20171229014871e+00   9.07671205255532e-01   1.36881777759577e+00   1.03378986454213e+00
  -7.37532910124031e-01  -7.32059082062752e-01   1.37337448245080e+00   5.32949171104885e-02   6.22381293632504e-01   2.60715073222257e-01  -7.67044748087151e-01  -7.29112710009439e-01  -1.40804027822122e+00   9.30789532384051e-02   1.36578673972097e+00   1.15035910466495e+00   3.02945020103929e+00   1.68637397508472e-01   1.56616614505138e+00  -3.09819898568528e+00   7.56145129933308e-01   2.42310211873646e+00  -4.78273845544881e-01   2.73646342261513e-01
   2.07568930443151e+00  -1.95873143002947e+00   2.59626514370279e-01  -3.10083163720433e+00   3.52650549265894e+00  -1.56119469776356e+00   1.95983906736397e+00  -2.30984218497284e+00   1.28129442382937e+00  -2.98161983995415e+00   1.32269294901363e+00  -2.31818064940932e+00  -2.56746583425547e+00  -1.58680476261844e+00  -2.99362308275254e-01   1.25596582580632e+00   2.59701503507609e-01  -1.16957279202746e-01   8.56884910581548e-01   7.44891403055939e-01
   3.37576515342553e+00   1.32180046785781e-02  -4.75685711325002e-01   3.05598996589409e+00  -5.96241683053186e-01   1.66004763949098e+00  -4.33357356293686e+00  -2.18537367201161e+00   1.17104025821624e+00  -4.39119294059064e-02  -6.49819051091296e-01   6.28752217441513e+00  -8.78973766914452e-01  -5.64192092379134e-01   1.77017573779705e-01   1.56971051451404e+00   3.51728621660870e-01   1.17383872409557e+00   4.90823194855599e-01   1.86568006463297e-01
  -1.82122626999776e+00  -1.06464581706325e+00   2.46816402264698e+00  -8.95698315414484e-01   5.88007617571518e-01  -1.17734500473999e+00  -2.58915160325043e+00  -2.74469699152544e+00   4.56763087457015e-01  -1.68286572699836e+00   4.53277812531822e-01   7.81757330264987e-01  -1.56248246898205e+00  -4.44486968447356e-01   9.13494002919850e-01   1.49928203360370e+00   2.94386440176749e-01   6.16481305125763e-01  -1.74502229405001e+00  -6.90533503206957e-01
   6.47859986373780e-01   7.65339615558903e-02   1.57642185194081e-01  -1.38977026642681e+00  -1.42444143407677e+00  -1.81206977356096e-01   7.70931246125669e-01   5.86262402173988e-01  -8.77197345581125e-01  -6.29042060633666e-01  -3.08897063702449e-01   6.55807488529129e-01   4.96038423824816e+00   8.68974361730788e-01   2.57576746660726e-03  -5.12410110167772e-02  -1.18682995000308e+00  -5.89111582156660e-01   2.06432943740341e-01  -8.53192737919143e-01
  -3.14002503084148e+00  -7.15277800958316e-01  -1.93010640492193e-01   5.81200315210644e-01  -5.49295172078314e+00  -1.75724147271304e+00  -8.11623887568846e-01   1.63103765243589e+00  -6.73808710944913e-01  -3.53781171364391e-01   1.71871587990837e+00  -1.76743525667585e+00  -1.22494004554792e+00  -2.37964450641786e+00  -1.59293325835357e+00   1.05973391055793e+00  -1.51861572594741e+00   1.51989063411479e+00   1.14920509922813e+00  -6.71368906406799e-01
   2.46798206874160e+00   4.49593329623034e-01  -2.42590857393458e-01   1.87301234180131e+00  -7.26653312143010e-01  -7.82269326007358e-01  -7.14479091934679e-01  -7.01451661967794e-01   8.47503587116883e-01  -4.86191567288954e+00   3.16443037985913e+00  -3.18231627219554e+00   2.10082663550089e+00   6.38556685032413e-01  -4.77745982331499e-01  -8.43288327748484e-01  -3.14834462519150e-01  -1.49537022595229e+00  -1.44946424552398e-01  -5.88794385553820e-01
   1.24810762557960e+00   2.62826179717683e+00  -4.26677931643456e+00   5.96032791626008e-01   7.72126065590680e-02  -6.23066429908587e-01   2.05786919304707e+00   2.91279427707665e+00   1.20388014349852e+00   9.59135356726582e-01   2.81890703190267e-01   3.05219777263955e+00   2.99646962951646e-01   2.00854710641623e-01   1.29078110331353e+00  -1.79580106653369e-01  -1.37572647534623e-01   8.90116183011256e-01  -1.62544593825698e-03   1.60925506782023e+00
   2.59076054888883e-01   1.61696799629747e+00  -4.87321838417429e-01  -1.00650723937417e+00   1.68416636807845e+00  -1.26826451088964e+00  -7.24709326401660e-01   6.83696335691292e-01  -1.75466531498052e+00  -1.03996679917972e+00  -1.16742467032495e+00   9.83122665490233e-01   2.54577238725934e+00  -2.18231165520191e+00   1.25947846628705e+00  -1.75108355282498e+00  -4.83627523843043e-02   1.22750717999857e+00   3.76052996404355e-01  -3.54769765612792e-01
  -1.69140809028780e+00   4.31829207470951e+00   2.26846185907995e+00  -1.92269106655850e+00  -2.10930334831933e+00  -3.84915553217566e-01   1.34589341213104e+00  -3.64207656044181e+00   8.46348146484362e-01  -1.11620762474742e+00  -3.49099302840760e-01  -4.31789309785119e+00   2.99107081124681e+00  -2.39485731289347e+00   6.73029357040219e-01  -1.06557237414167e+00   9.05859677486145e-02   7.62763549493211e-01  -6.15776045398210e-01  -3.09268239091171e+00
  -4.42695318691584e+00   2.70048770859950e+00   9.33041175868120e-01   2.38781085532810e+00  -2.78593891838747e+00   1.68115736409908e+00  -3.34506853743629e-01   1.78900852433376e+00   9.78650553920697e-02   4.40089017829781e+00  -1.26681760366502e+00   1.23685829076673e+00  -3.64619080319229e+00   4.23664258460738e-02  -3.18841703227210e+00   3.66496593637747e+00  -3.66983501508428e+00   2.17546897163521e+00   1.08731712177397e+00   6.02741033572698e-01
  -9.62287494825755e-01   5.67233971706794e-01   1.73182720137986e-01  -2.28439803531070e+00   1.05059783132061e-02   2.34143068845321e-01   1.46623777290363e+00  -6.55007653196139e-01   2.43866415163661e-01  -1.61110868395409e-01   1.54776738695459e+00  -1.19274500766313e+00  -1.72805766625702e-01  -6.16276299092465e-01   3.64767874646484e-01  -3.80849871292488e-01   2.97907794768804e-01   1.67369628620353e+00   9.33556240731097e-01   2.14036430301121e+00
  -5.91974034020672e-01  -1.15207518222245e+00  -1.77681115113181e-01   1.36107241048283e+00   8.07326550109058e-01  -1.03234709179463e+00  -2.58445869918498e+00   1.19753620808751e+00  -1.94557656024086e-02  -8.40342305133174e-01   3.25395210059019e+00   1.02203969841301e+00   1.65806143425699e+00   9.32519291240505e-01  -3.47989316350340e+00  -5.84208973487800e-01  -1.03961848994806e+00   1.27287371387560e+00   9.50162666982435e-01  -4.99658183476879e-01
  -2.56655948597427e+00  -8.67683144639464e-01   7.09768994603805e-02   3.91391536773995e-01   2.15596290102335e+00   1.82264620336857e+00   2.04892864442391e+00  -1.26431034806336e+00  -8.76649540209513e-01  -1.09698834476660e-01  -8.53084831515142e-01   1.86227533290696e-01   1.52249462839862e+00  -2.28805005139058e-01  -5.94785469394784e-01   4.67216933518444e+00  -2.30309625710138e+00  -4.98779303880249e-01  -2.28147713266792e+00   1.13998548618926e+00
   1.69362229303287e+00  -4.87388734045470e-01   2.28663576506390e-01   4.64016341306878e-01  -2.12179509671133e+00   9.50386929236668e-01   5.73816235165886e-01   4.86266575603706e-01   7.18695652958369e-02  -9.22863717517126e-01  -2.31404942775624e+00  -7.72932359409980e-02   2.63839755214244e+00   3.12992417768209e-01   1.50189600422836e+00  -4.07683749397707e+00  -6.17713536662557e-01  -6.66195825695064e-01   1.25425035676046e+00  -7.94797691572957e-01
   3.01194743831504e+00   1.05701865587496e+00   3.27881378996780e+00   1.69609069966538e+00  -1.83807944086580e+00  -2.52764695664012e-01   1.40423006301821e+00  -2.09209614021013e+00  -7.31437134774829e-01   1.98003689688086e+00   2.01958617096419e-01   2.68920132253075e+00  -6.87896705796998e-01   1.68155135964151e+00   7.03984234166140e-01   7.71978772175604e-01  -2.08810980539792e+00  -1.42156715465818e+00  -7.54216809441074e-01  -4.32908510629681e-01
  -6.29003951216035e-01  -6.37639054883683e-01  -1.57165440773227e-01   3.20583858272788e+00   4.52165802124143e-01  -1.34715044864712e+00  -7.46509416844172e-01  -1.30564984302431e-01   4.68494562911100e-01   2.10110981246286e+00   1.39961879411406e+00  -1.36995041085752e+00   1.18173163952315e+00  -2.27380018394239e+00   2.01679163331801e+00  -1.54071069659972e+00   3.97817318792048e+00   1.05812678939037e+00  -4.15769972795737e+00   2.37134752846904e+00
  -2.00794201706826e-01  -8.82817287599579e-01   2.56681261565715e-01  -4.86203942352569e+00  -6.68722754659115e-01   5.17014791010817e-01   1.28624841460489e+00   1.05084117601876e+00  -5.11788466359414e+00   3.46881307789802e+00   5.00352393316610e-01  -1.95540038698404e+00  -1.59780011161216e+00  -1.08329309157436e-01   4.61865615510530e+00  -1.83274780744002e+00   1.45108530705529e+00   6.26012887825578e+00   1.39331474463871e+00   2.35979793862520e+00
  -1.97654414092909e+00  -2.82285264107705e+00   2.07504590132790e-01   1.03416110628360e+00   5.03997322945828e-01   2.13570919839520e-01   4.06389393496252e-02   9.49163343659986e-01  -3.63278118377028e-01   1.47546461576268e+00  -8.98438027974568e-01  -3.02975293824857e+00   9.16626209634696e-01  -1.03423475096382e+00   3.21481162957532e+00   3.83659940171790e-01  -1.13421613157848e-01   1.10062341052243e+00   1.89981868492331e-01   4.63156799136011e-01
  -5.87383788551825e-01  -2.35355074165856e+00  -6.64169470319806e-01   1.75514447769915e+00  -8.37638137163985e-01   1.32612231073159e-02  -1.10725024065846e+00  -1.27739620709536e+00   2.94643306211459e+00  -1.57503069906416e+00  -5.69907786502997e-01  -3.87966710585884e-01   2.20038026517607e+00  -2.41111232808060e-01   1.84965657022061e+00   7.09790350871420e-01   5.16496077783251e-01  -3.40730200584498e+00  -4.37599160643772e-01   1.42126294276212e+00
   3.26005024970539e+00  -2.55918823825862e+00   4.38397602420237e-01  -1.41481967426595e+00   1.69998185403955e+00  -3.68157398809000e-01  -1.81950433217178e+00  -5.87268550429678e-01  -7.28326437202426e-01   1.60151374126515e-01  -4.26428769903512e-01   1.24725599612609e+00   1.98636783043459e+00   3.00543792371080e-01  -5.49006247527831e-01  -6.43250336359979e-01  -3.11462239468629e+00  -1.01186049259472e+00  -1.48567292607488e+00   1.85239247135495e+00
   1.63363183375526e+00  -2.80813918834657e+00  -9.65229919160831e-01  -2.37971597860961e+00   1.13238639313712e+00  -8.42695028500805e-01   1.95731240005450e+00  -1.47868506588301e+00   3.47509165204749e+00  -9.40299547098241e-01  -8.68459788084465e-01   1.14339486350380e+00   8.33539657340854e-01  -2.27862954612131e+00  -3.38348333636630e-01   3.27087275026375e+00  -1.12957321193036e+00   4.24762324473232e-01  -1.61771001922168e-01   1.27602057923092e+00
  -2.72804836144720e+00   1.43847609089943e+00  -1.37376643566448e+00   9.26169054251132e-02  -1.49108933724561e+00  -1.12929997392900e+00  -4.32130409879669e-01  -6.85553304926175e-01  -1.00861693038785e+00  -7.59207307035229e-01   6.84488631503758e-01  -2.00851174352944e+00  -6.34168332228901e-02   1.01338284004269e+00   2.24142531005252e+00   1.33175212455602e+00   1.19441103443838e+00   8.81499439597445e-01   1.46185032243492e+00  -6.59980972464331e-01
   2.09013208124797e+00   2.44290417152539e+00  -4.18566239332220e+00  -3.26557678680556e-01   2.08087646230138e+00   2.45827003321494e+00   1.77989481917725e+00  -5.58597900525386e-01   1.64228836892096e+00  -2.99351545544057e-01  -4.70956533195832e-01  -1.64589514667191e+00   1.47498264518610e+00   8.87772656957506e-01   2.69014768191105e+00   1.86330876254360e+00  -8.58095710626317e-01  -5.04060332715303e-01   1.44561326058854e+00   3.87855435376597e-01
   2.49734605073868e+00  -1.31573662776324e+00   1.93466737601831e+00  -8.65212714598888e-01   7.41347253788227e-01   3.46258433846015e-01   3.66944975964525e-01   3.96589921313444e+00  -5.17957534736905e-01  -1.97893009101055e+00   1.56357601137493e+00   1.31455344323879e-01   1.75548946401806e+00   6.44012545472442e-02  -9.63588364501225e-01  -1.09442992952407e+00  -1.85779473360800e+00  -4.42712626982600e-01   5.27344629972858e-01  -7.78187257399150e-01
   9.38577539798772e-02  -5.58921663641940e-02  -2.83458159917038e+00   8.44807108836622e-02   7.02279506242263e+00   2.45362402744175e+00  -1.34747918936413e+00   5.10261784141776e-01   5.90912448059929e-01   3.00227118474443e+00  -1.52460746946508e+00  -2.52516417288033e+00   3.98848067868880e-01  -3.05059525376160e+00   1.08989948484166e+00  -1.01223313050924e+00  -2.58361219484781e+00   3.84398829279832e+00  -2.66997150514460e+00  -2.01107101914721e+00
  -3.18997513542116e+00   2.43256843073488e-01   1.99381369183797e-01  -4.59786648614442e-01  -1.32653385106868e+00   1.60904737423230e+00  -9.39427348422830e-01   1.11371621228775e+00   1.85189665444370e+00   1.36920075492950e+00  -1.65230343526691e+00   3.82561119783816e+00   1.55675842203881e+00   1.17935420848098e+00   3.27624236664635e+00  -2.58677791028622e+00   3.89624500194241e-01   7.55689887796780e-01  -8.67876996925758e-01   1.27876302204815e+00
  -5.63320252789430e+00   6.73215329020640e-01   6.55130251942115e-01   5.75985135907150e-01  -1.14973471042457e-01  -6.93991596073931e-01   1.10022373883037e+00  -8.21065997986754e-01   1.32843201905881e+00  -1.12726646456780e+00   1.64594802791140e+00   1.11842020546295e+00   1.83466163804625e+00   5.14986792704405e-01   1.01853021549319e+00   4.44926132685998e+00  -1.25905880437545e+00  -1.30633489904968e+00   8.64915489857757e-01   1.11363950701802e+00
   8.47947797582574e-01   1.31264444728942e-01   8.59957676197111e-01  -7.78959369813865e-01   7.06507271165981e-01  -8.21367019118735e-01   4.81580992065545e+00   5.21260103230367e-01  -1.48853837733298e+00  -1.14612351656847e+00   1.17817677557638e+00   8.53031746259337e-02   1.42532780101466e+00   6.33830209877821e-01   2.39437008733859e-01   8.67755219126387e-02  -1.03506782658044e+00   1.74914172249598e+00   2.09011257576218e+00   3.55911166935416e+00
  -2.66021891443280e+00   1.23241603598277e+00   2.04501791099457e+00  -1.22386603808726e+00  -1.85871516154529e+00   4.08319736177459e-01  -3.02677874651258e+00   1.52931572163267e+00  -7.30882616186493e-01  -1.89581453101707e-01  -6.51165773325864e-01  -1.71630583206576e+00  -4.80196608268919e-01  -1.54926546705326e+00  -2.13966863199433e+00  -6.16652319835272e-01   2.10179615434895e-01  -6.67397383734380e-02  -9.50364152059403e-01  -2.81495284267666e-01
  -4.17154903482432e-01   6.84272244635733e-01  -2.35435383836113e+00  -2.38540871110895e-01  -1.13783327111214e+00   3.83606503052026e-01  -6.62298763554691e-01  -1.60021148913778e+00   1.47725545955365e+00   2.02531227125337e+00  -1.62610700295821e+00  -1.36425141612670e-01  -3.58615143482419e+00  -1.93143334637487e+00  -1.63027724705231e+00   2.84821978267876e+00  -3.16686407430984e-02   1.56004192242556e+00   2.33181059276371e+00   1.59176584173992e+00
   7.53058396798466e-02   2.80487265734087e+00  -1.73239267643572e+00   4.19839702173185e-01  -1.14661520124311e+00  -4.99846489835145e-02  -8.15653711894184e-01  -1.32174206313297e+00   1.13528441684763e+00  -3.06658415827696e+00  -2.22847710903886e+00  -5.90520129152017e-01   4.96765916916062e-02  -4.32207585006315e-01   1.54703834078823e+00  -1.28575492189091e+00   2.70094132952004e+00   2.18815886416221e+00   6.87781949341730e-01  -4.04426449651668e+00
   2.22219423410055e+00   2.00465268199057e-01   1.04394937164344e+00   2.71859742076699e+00  -2.64658885579845e+00  -1.82019904782774e+00  -1.20383653621941e+00   2.87025581938787e+00  -1.64013562522438e+00   6.88864016638558e-01  -6.97513588252560e-01   1.29154503344335e+00   2.50819524014813e+00  -2.29993294327080e-01   1.32490622495204e-01  -5.73267181977345e-01   2.64681830663131e+00   8.20407396688646e-01  -7.47172098118878e-02   4.19146388119801e+00
  -1.21534574675075e-01  -7.66880957412155e-01   7.82805197688629e-01   1.29239972449911e+00  -1.26424441072440e+00   1.43361976654298e-01  -1.64730941091264e+00  -1.41888229835230e+00   2.12543091191813e+00   1.40171449057141e+00  -6.48933760671637e-01   4.67341607669592e-01   1.79582874227084e+00   5.45768049863495e-01   1.90133294626417e+00   1.32138142673214e+00   3.70671211140713e-01  -2.76606771284164e-02  -9.23026901652016e-01  -1.43207023323477e+00
  -6.59070497155208e-01  -3.85813242093956e-01   1.23133870467940e+00   1.86629337308136e+00   1.63326428670720e+00  -8.84438942389795e-02   3.39827998068240e-01  -2.18277236644410e-01   1.18964109222594e+00   1.97855897867231e+00   3.29670945720407e-01   1.89057612754843e+00  -1.11625234251196e+00   9.33278747778121e-02   1.14767982379681e+00  -8.38778772291303e-01   4.08195741478081e-01   1.31708963241164e+00  -2.19803179897972e-01  -1.03011047244546e+00
  -6.96512619517953e-01   2.18383764066330e+00  -4.26255739756460e+00   6.30085626278679e-01   2.33475093460074e+00   9.59231389439073e-01   4.83669686693024e+00   5.54069174265055e-01   2.79525521436202e-01   2.91292915596178e+00  -1.94706593701408e+00   2.17290088228561e+00   1.70635603522929e+00  -2.48729711333118e+00  -2.10559301230478e+00  -8.33884694176228e-01   2.93803854204989e-02  -1.50486250181118e+00  -2.77036143635103e+00   2.66903634618715e-01
  -1.13502523188777e+00   1.60794244934681e+00   1.16299882445052e-02  -4.30166616570793e-01   1.14474614566415e-01  -2.89968343267639e-01   1.96282987172424e+00  -3.24818954042065e+00  -2.72756065753610e-01   1.45549198146575e+00   1.05481862355409e+00   3.66683223135958e-02  -7.53455862437269e-01   3.87226653084303e+00   1.74302121272693e-01   1.09506107247161e+00  -1.19079345940280e+00  -5.38458562761573e-01  -7.88494188404583e-01   3.27753836131781e+00
