ARMA_MAT_TXT_FN008
41 2
  -6.70147587345131e-01   1.14836710007533e+00
   5.34786681354025e-01   4.32816268916195e+00
   1.70106288218784e+00   1.08459201294497e+00
   1.62213429688922e+00  -1.28658380357215e+00
  -5.46784358290693e-02   1.62379625013792e-01
   1.04175199188215e+00  -1.21647715847596e+00
   1.75312939494405e-01  -1.44042160789783e+00
   2.77970787832568e+00  -3.18277452336819e-01
  -1.64880372875528e+00  -1.04665246764913e+00
  -9.47038702131872e-01  -2.13553318137761e+00
  -1.81379160890934e+00   1.23662397896944e+00
  -5.09895966257425e-02  -2.23185491110714e-01
   1.00118498515119e+00   1.59049423824262e+00
   2.94747354554391e-01  -1.84098706908098e+00
   1.26613629808543e+00   1.50448435118686e+00
  -2.59411910363790e+00   2.39238468713534e-01
   9.88834566545131e-01   7.97384526466845e-01
  -4.90208624050493e-01   1.04632066293281e+00
   7.63800489198072e-02  -3.07056357216855e-01
   5.81529403493682e-02   1.92469605196380e+00
  -1.03392290366406e-01   1.16982795234949e+00
  -2.57314880390652e-01  -1.67211916017330e-01
   2.04117289598128e-01  -3.03156665137475e+00
  -9.10218050717397e-01   3.63533276803402e-01
   2.59755126728043e-01  -1.10912171120937e+00
  -6.76870555404435e-01  -9.66666186986944e-01
   1.34117895041707e+00  -1.44333431646576e+00
   7.80975730477005e-01  -2.71250466534993e+00
   3.44857996518991e+00  -2.47314615178722e+00
  -2.06231083470818e-01  -6.74431672864168e-01
   4.17668213736458e-01   1.78049256633290e-01
  -1.71653822095200e+00  -1.14664760880047e+00
  -4.26535434600815e-01  -9.67868518415320e-01
  -8.98907284132517e-01   1.63289870369303e+00
  -1.63320934440129e+00  -5.66287161277318e-01
  -5.72521182544172e-01   7.32442150874894e-01
   2.01860602872130e+00  -2.75752705335485e+00
   2.99475289445240e+00   1.57691259262540e+00
   3.35815576908374e+00  -3.44611867229963e-01
   6.29173592525280e-01  -4.10297037384992e-03
   1.84665977667234e-01   5.61666549711950e-02
