ARMA_MAT_TXT_FN008
17 20
   1.13392437155860e+00   1.03343338567528e+00  -1.76964286880368e+00  -5.27543419266238e-01   2.81067046257190e-01  -1.17493356699667e-01   5.27587175799184e-01  -2.17195588952095e+00  -9.36389402959370e-02  -6.12580072297542e-01  -9.02057932114470e-01   8.45695477613762e-01  -1.58713794526934e-01  -1.48784618791555e-01   1.07365617218471e-02  -6.27335818976130e-01   9.31441346980513e-01  -9.50719032017956e-01   6.26569284074807e-02   5.06988300292117e-01
  -2.32283184278868e+00  -3.97000751787780e-01   8.25626252814617e-01  -3.38239551882571e+00  -3.08086552278850e+00   1.57152472434794e+00   1.48241019817741e+00  -1.21947133832954e+00   7.26032794504926e-01   2.17088574709934e+00   3.04386635026246e-02   1.14128752972655e-01  -2.60019490835864e+00  -1.60921074624493e+00   3.48362650553705e-01  -1.17897835006155e+00   2.52502227484590e+00  -9.21515254016752e-01  -8.94487809615097e-01   1.42886253663096e+00
  -9.26538356026418e-01   5.84368276857602e-01  -1.31164341007979e+00   6.03387889850811e-02  -3.22769813087475e-01   8.75703194775403e-01  -1.98388337730694e+00   1.17476310628509e+00  -1.05841320707946e+00  -1.27752559593622e-01   1.90353355657779e+00  -4.58885760862988e-01  -6.71633028632766e-01  -2.80783337514943e-01   4.82979257991452e-01  -5.24151233579732e-01  -2.46377092836755e+00   1.60328942959895e+00   1.46911357899250e+00  -5.27873728391297e-02
   3.39980974080295e+00   3.10164251153152e+00  -9.88392059296954e-01  -3.71484932548706e-01  -1.32126994017525e+00  -2.73115406614695e-01  -3.76489467289978e-01   8.75040103476534e-02  -2.01948984183366e+00   6.63354029513320e-01   1.31247411803909e-01   4.11830824353766e-01  -2.54818502943516e+00  -2.26013081486650e+00  -2.74288302215331e+00   5.35121655835167e-01   7.45972965212841e-01   1.59969051763194e+00  -1.97661589507336e+00   1.49706935095490e-01
   1.82075252100319e+00  -7.81938212584148e-01   1.57000021762039e-01  -1.95804152625011e+00  -1.52561610452879e+00   1.39610945515892e+00  -1.71714553565245e+00   5.06354132008511e-01  -6.96901786724584e-01   2.68685594940833e+00  -1.89133234122830e+00  -2.56438635018303e+00  -1.05535716769003e+00  -1.69975104473936e+00  -1.72647412844667e+00  -1.60952908404654e+00  -3.35815432132119e-01  -5.88729068374511e-01  -7.59613881798071e-01  -1.46148126150142e+00
  -1.99558014763447e-01   7.68939736695566e-01   1.91186350298471e+00   3.64458950723466e-01   8.88415325607171e-01   1.53361924290238e+00   1.61446879982349e+00  -4.91542590165467e+00  -9.13521843784995e-02   2.23132053937753e-01   2.75807790024476e+00  -8.54420814291713e-01   8.91169446933295e-01   1.64774458771483e+00   2.72485774248461e-01  -1.13496298683668e+00  -1.56933951930576e-01   4.09174815182839e-01   1.07309462659867e+00   1.85628251263980e+00
   1.42490112387279e+00  -1.55237141450011e-01   4.80276780347502e+00  -2.97318818574691e-01  -6.37072078340870e-01  -8.98588380774677e-03   1.03494565849116e+00  -2.79917767117008e+00  -4.25176290556300e-02   1.39529825266167e+00   7.59758340517612e-02  -1.05514259733014e+00   1.22842761190476e+00   2.99828014857048e-01  -1.39343145182921e+00  -9.46410830628895e-01  -5.62941389615066e-01   9.29856335246961e-01   2.56774501042877e+00   8.42390776142509e-01
   1.59766691301340e+00  -1.40194552695980e+00   5.49649832768450e-02  -8.75527434043648e-01  -8.19885146435796e-01  -7.73601508340006e-01  -1.31709059120471e+00   2.46228202611953e+00   2.50132889408303e-01  -2.97231485559687e-01  -1.80011872750335e+00  -3.49717896091556e-01  -1.00770589989491e+00  -1.56017545268184e+00   7.34223726526024e-01  -2.32416632397609e-01   1.25385911533577e+00   1.55970831769472e+00  -9.39850040681989e-01   1.76287192287685e+00
   2.79403051302174e+00   1.30527376398433e+00  -1.40430720788684e+00   1.21331562061453e+00  -6.01452384204006e-01   1.35218247922893e+00  -1.39353430759974e-01  -2.77358985508296e+00   4.04067949249817e-01  -2.02465780451551e+00  -1.01657774011300e-02   4.39733386625403e-01   2.27838009467803e+00   1.97893810217938e+00  -2.49744408595995e+00  -1.88651048281453e+00   3.94664716100493e-01   7.49711144363680e-02   4.17362512381655e-01  -2.93009774071351e-02
  -1.63306880657099e+00   1.33814837223329e+00   2.63039711878441e-01   2.17442035228983e-01   2.30170978302253e+00  -1.80016891684618e+00   2.65845456249580e-01  -1.63608271127644e+00   2.38845863221718e+00  -2.03202331317976e+00  -3.02893684150463e-01   1.01883654948791e+00  -1.70912588309283e-01  -1.32015987308256e+00   8.73412839544498e-01  -7.56662733878590e-02  -1.54982661239594e+00  -1.15567468004040e+00   3.35554315908347e-01   1.88803269366614e+00
  -4.23228170829126e-01   1.13192695548487e+00   1.44743350326797e+00   1.42209955008736e+00   3.97266426697854e-01  -2.87522073770824e+00  -2.29460942238254e+00  -4.56251070580235e-01  -5.80590743092591e-01  -1.20520628287880e+00  -2.45716840477287e+00   2.32058920882562e+00  -1.05572142317255e-01  -1.72068065017753e+00  -1.30110584174173e+00  -1.27270333961515e+00   1.02305561501750e+00  -8.38209569031580e-01  -2.38301525711751e+00   2.85304572049512e+00
  -3.82744832345440e-01   3.83927736015621e+00   3.38186734097420e+00   1.32907828549105e-01  -3.90161131514346e-01   7.58960749519333e-02   1.71152803510058e+00   1.08481800584049e+00  -2.99716288221005e-01  -2.40829319716568e+00  -2.73065080690545e-01  -2.32617641260016e+00   1.53027919260587e+00   1.32878298149943e+00   1.64262054818967e+00   3.75404877055864e+00  -3.59635995068449e+00   4.95326444265766e-01  -1.51716194836694e+00  -3.05759795801459e-01
   2.10175923738565e+00   3.47023340201098e+00  -1.38480143460570e+00   1.48521348567426e+00  -5.83793304418024e-01  -1.12580971970397e+00   2.04376768655157e-01   1.48807071214645e+00  -2.26917813248129e+00  -3.19201568561916e+00  -1.29689711697022e+00   7.43290179359457e-01  -4.30849767241145e+00  -1.02297196328518e+00   1.22728183117554e+00   5.32774647538499e-01  -1.36839884680506e+00  -5.66372940268315e-01   2.51369276161231e+00   1.70169532735515e+00
   3.22163338437132e-01  -1.01088002369939e+00  -4.62767584488763e-01  -7.50260250373367e-01   1.77483001918559e+00   1.25688831811925e+00  -1.14608526542947e+00  -2.72237318062746e-01   2.93747925519629e+00  -1.06834377375348e+00  -1.72061385283601e-01  -3.27431237303327e-01   8.22975976623518e-01   2.91557847468646e-01  -1.27689166206752e+00  -5.54497800786406e-01   4.14915370677895e-01   5.80829415396036e-01  -6.00855525880562e-01  -4.71819561250632e-01
  -1.14463702334841e+00   2.12830869288130e+00   1.06014459816102e-01  -1.12576782245908e+00  -8.44950555775030e-01  -4.01805313005707e-01   1.17924230768433e+00  -9.08232174205264e-01  -2.10376712681822e+00   6.97381959447755e-01   1.40646241795045e+00  -1.17624638157702e+00  -1.23024778524001e-01  -3.24701732014225e-01   1.96117134142228e+00  -1.64636027961728e+00   2.42596935776016e-01   1.68670880018059e+00  -3.81566935533804e-01  -2.05313767578047e+00
  -1.36802532479063e+00   2.64448747605775e+00  -1.33262859589277e-01   1.15492356116141e+00   1.78168488009082e-01  -6.12909425458533e-01   2.04010679614794e+00  -1.84925315741025e+00  -6.04441862376130e-01  -8.85601987516819e-01   3.53577145517921e-01   1.39940565013580e+00   1.20602907831442e+00   1.89375226753149e+00  -5.06939781994903e-01   2.79796143443726e-01  -1.73006002942757e+00   2.42333898288999e+00  -6.10775736489045e-01  -2.83759746036102e-01
  -1.46439528588282e+00  -3.80073379925894e+00  -4.22128799642568e-01  -2.64302745229074e+00  -4.56426533760851e-01  -7.14593778415588e-01   3.46317589397827e-01  -1.94135153410980e-01  -1.14486764420462e+00  -3.84177165565593e-01  -7.67155284428021e-01   1.53666283000999e+00  -4.86097689517218e-01  -9.93869949857894e-01   3.56789347530917e-01   3.96612699676616e-02  -2.55633197485272e+00  -2.91360596201635e-01   1.18619713649288e+00  -7.18932923037007e-01
