ARMA_MAT_TXT_FN008
41 20
  -2.66647219786251e-01   1.84474896845795e+00   6.58067533881277e-01   7.28134608142047e-01   8.99862199656705e-01  -6.92349647391857e-01   9.56350299763544e-01  -7.85412000049558e-01  -8.04948297171034e-01   9.05479852031053e-02  -1.10842475962989e+00  -8.57977119565579e-02  -5.99343741082027e-01   8.82212365499612e-01  -1.64347258021356e+00   4.04310805935133e-01   1.99089410008548e-01  -9.43833576425270e-01  -1.73408288571396e+00  -1.29785562557460e-01
  -1.27560010623595e+00   3.88991326441719e+00   1.44243623386505e+00  -9.87809425880318e-01  -1.05415762708718e+00   1.65154183775961e+00  -4.18988493137753e-01  -4.02562008213042e-01   1.31866536221005e+00  -1.94722647634500e+00   6.80077732672466e-01  -7.13106280793888e-02   1.35505941236866e+00   1.76557596802540e+00   3.24268851232863e+00   2.33513135990670e+00   3.50775607063667e-02   2.76383240970390e-01   3.27244241819335e+00   1.94421956798809e+00
   2.04836881281231e+00  -1.56863236621352e+00   3.40127687159396e-01   4.87039430904588e-01   6.41557024396797e-01  -8.68507603265332e-01   1.47259005177878e-01   1.06400066363889e+00   6.78538996510338e-01   2.52528074832878e-01  -5.85880964172242e-01  -1.41438982677832e+00   1.30044184906988e+00   6.57041899428658e-01  -9.77272510675596e-01   3.26768065436589e-01   1.03143120186825e+00   1.37107514682697e-01  -3.02790239932138e-01  -1.80443023275062e+00
  -2.09942043687313e+00   1.47263801196633e+00   7.36867038201620e-01  -2.17484798410238e+00   1.21632228398029e+00   4.85179601939887e-01   3.26183977302073e-01  -6.67853125531474e-01   4.49910547987027e-01   1.94024212210963e-01   1.27867056281231e+00   2.10331819944252e+00   1.94755063821120e+00  -4.16229182017850e+00   1.90357372761758e-01   8.07548038968928e-02   3.94674447097262e+00   2.81545172669517e+00   5.13568131681981e-01   9.31310703311357e-01
   1.19067818601861e+00   8.77713271984973e-01  -1.26038352817592e+00  -1.65531014127373e+00   1.65628479008707e-02  -6.75217706606762e-01  -5.78636963038705e-01   8.02647940256343e-01   2.58944923060555e+00  -1.56784137871934e+00   1.21548425136768e+00  -1.78993880831750e+00   6.23367772992360e-01  -1.26049842873805e+00  -5.22669074548642e-01  -8.89325242513939e-01  -9.19579951631072e-01  -1.09358518431518e+00  -9.94707562923087e-01   9.69071040438623e-01
  -1.32452545957248e+00  -1.62029892832939e+00  -2.09898375542087e+00   3.13384430508886e+00   1.11078517232635e+00   6.56470099777793e-01  -1.64688128408388e-01   2.50299808769792e-01  -1.49488580174720e+00  -2.96646317844320e-01  -3.53200603616803e-01  -2.22728846098394e+00  -2.56224820712674e+00   3.92328898226745e-01  -4.31816113784980e+00  -1.19259411575826e+00  -2.56303921591098e-01  -1.02113423319311e+00  -1.49656022528823e+00   5.07391779541155e-01
  -8.49449897638806e-01   1.31757576563743e-01  -6.85152064258906e-01   2.43008135712617e+00  -1.33876897724199e+00  -7.22462361426223e-01   2.59554985135436e-01  -1.25510795337798e+00  -2.74238023518586e-01  -7.31865416294985e-01  -5.72302903185250e-01   1.02535353835739e+00   5.18220597878568e-02  -1.37457217944854e+00  -5.22362972000771e-01  -2.45114593814781e+00   1.13675984913940e-01   6.03220191538054e-01   9.85461134223515e-01  -3.76818688708807e-02
  -2.07617567880573e+00   9.69367354252368e-01  -4.55756541617053e-01  -8.01677677967692e-02   7.15853071028250e-01   2.08309731068430e+00   1.61505779013514e+00  -1.72076075568306e+00  -1.84611420582966e+00  -8.07606337614121e-01   3.33260406083755e+00   1.70515601728059e+00   2.37016458571466e+00   8.16436013464100e-02  -5.72887726165654e-01   2.52327416709317e+00  -2.80256491116655e+00  -4.29814074659293e-01   5.62114113441779e-01  -6.72081248678297e-01
   2.98711326610306e+00   3.46040739104876e-01  -1.83334399127150e+00  -8.42528060855479e-01  -1.43874995295784e+00   1.36563890495448e+00   4.72783682385334e-01   9.25680720519015e-01  -8.55519926169247e-01  -1.40808358217204e+00  -1.06636924939134e+00  -5.55416732076611e-01  -8.24325290972852e-01  -3.67834442246788e+00  -4.35463376047054e-02  -4.24901433154261e-01   1.32902253760529e+00   1.37623495006120e+00   1.10287130479683e+00   3.03301261256751e-01
  -1.65841569815002e-01   1.51752837168955e+00  -4.06384932031584e+00   1.45892242487965e+00  -2.84975606221522e+00  -1.16873190749610e+00   2.33846597978808e-01  -1.77869843837560e+00   2.05915454061947e+00  -1.01871117091497e+00  -2.75929261036785e+00  -1.18378881370578e+00  -1.62829558105397e+00   1.09910113821385e-01   7.93979318154399e-01   6.77840287551864e-01   1.35136822656337e+00   7.08357053633588e-01   1.15233558127545e+00   3.07852996989999e+00
  -2.81466844928859e+00   2.19401419568842e+00   1.36863644778774e+00  -1.88328867508724e+00   1.18938451277532e+00   2.07060360781332e-01  -2.82693116189374e+00  -5.59041412269750e-01   3.33641557706992e-01  -2.98245919375688e+00  -2.54097711617404e+00  -4.90824592450386e-01   4.85091787923620e-01  -2.08231678709922e-01   1.86220617136884e+00   1.63035483137429e+00   1.44388958847112e+00   5.54614316344724e-01   7.25055932824686e-01  -9.41317461078653e-01
  -2.18124301534599e+00   4.68242980976998e-02  -4.53050444667221e-01  -1.49937443864773e+00   9.86493580856797e-01   1.09763253347271e+00   1.33324758937611e+00   1.18113118024914e+00  -5.23721338915999e-01  -1.77363663084981e+00   1.92980282419301e+00   2.06496731196822e+00  -5.56232512388124e-01   1.55319770523461e+00  -5.94144034990898e-01  -5.47615129189255e-01   5.30168306275514e-01   3.91972507010317e-01   2.29972273947721e+00   1.05010914842062e+00
  -9.55748593375815e-01  -1.92227040890618e-01   7.46830389159320e-02  -1.77933339795437e+00   3.42057957224234e+00  -2.60718321866218e+00   1.48082719486086e+00  -1.08948545204121e+00   7.12324387140357e-01   8.23591971766231e-01  -1.82946783523556e+00   6.01120195815296e-01  -6.43671500793140e-01  -2.61143142199798e+00   6.16366292419668e-01  -9.57456808740221e-01   2.20719998289324e+00  -3.11631572058300e-01  -6.21327162002644e-01   1.06385887320667e+00
   1.02779738625361e+00  -7.81903937892614e-01   7.95355172792222e-01  -7.05997710833368e-02  -3.29822831661453e+00   3.57781594117712e+00   7.30916604000413e-01  -3.04708045583359e-02   1.07216812726773e+00  -3.07661797085027e-01  -9.38211232197602e-02   3.66795391496156e-01   5.13802970008922e-01  -1.36753880250201e+00  -7.55811009750373e-01   1.01021837622942e+00   2.13462945528763e+00  -1.08085522647318e+00   1.47790599718897e+00  -3.60925258967073e+00
   2.23420297205120e+00  -8.12230275929001e-01   4.65445726038107e-01   1.70214453719080e+00  -1.50379362112659e+00   9.97266704109992e-01  -1.50454401918890e+00   7.87846396349095e-01  -1.30744752648333e+00  -5.34662008339102e-01  -9.98006647392566e-02  -2.42521483402426e+00   6.08399389671611e-01  -8.89462794537956e-01  -1.25831096122774e+00   1.21259087984780e+00   1.98618587001287e-01   1.38795618734424e+00   1.98528782706101e+00   7.18537223911260e-01
  -7.78739707534476e-02   1.90352478714998e+00   1.67973268379162e+00  -1.19951904116523e+00   1.79385139317572e+00   1.40264195630188e+00  -1.55202886704187e+00  -4.58409971473465e-01  -2.70630473827190e+00   1.14084956713176e-01  -4.28679665193288e-01   2.08351148206965e+00   2.22585494242301e+00   8.69564670265409e-01   4.96681248482954e-01   1.03162482643964e+00  -4.48098119051596e-01  -7.47311951745296e-01   1.15235476373685e+00   2.09971960184459e+00
  -9.65033800899478e-01   5.67385832322918e-01   5.45120328944728e-01   4.34460217059479e-01  -4.37903115214322e-01   7.05979508522511e-01   1.34051066391832e+00   4.48655671055116e+00  -6.53864249972627e-01  -9.69205120082029e-01  -8.25638777590820e-01  -2.71952819862410e+00  -7.24800149973794e-01  -9.37353809072375e-01   1.44300526382812e+00  -8.74350737876773e-01   7.30026577527959e-01   1.67303445441159e+00  -9.59682311423631e-01   4.18009152924755e-01
   1.50495030675192e+00   2.50691733953636e-01  -1.69552973652175e+00  -2.44925317085458e+00   1.23693107941318e+00  -3.78430810424989e+00   1.43661490426760e+00   1.26300122771501e+00   5.73140474701907e-01   1.38346946045014e+00   1.38283989646690e+00   1.54408655051136e+00   5.01355224989148e-01  -2.51071408864674e+00   1.34392290106649e-01  -2.48030483116813e+00  -1.73422621044356e+00  -1.02397343746453e+00   9.39586660641602e-01  -8.83067950112515e-01
   3.27837893083809e+00  -6.53985044493550e-01   2.71212222775824e+00   2.41490547235521e+00  -5.54508966939499e-01  -1.13904125795097e+00   7.16000225320576e-01  -2.34353380745330e+00  -1.56001420268736e-01  -1.16480532182484e+00  -1.71123631513026e-01  -3.95071721732510e-01  -1.94892295505592e+00  -1.99013783327466e+00  -5.65582276688045e-01  -9.00689651530805e-01   5.88285482503401e-01   7.15850987190000e-02  -1.64397501906657e+00   1.55054528100670e+00
  -1.61626333407570e-01   1.15012087608025e+00  -4.49302784247931e-01  -1.10695279092300e+00   3.84831684280555e-01   7.57802922452110e-01   4.97739479249420e-02   1.65646449497215e-01   1.12838694553204e+00   7.58224483221708e-01   3.18923911933325e+00  -2.80016995990688e+00  -1.04988766753849e+00  -7.58659445265295e-01  -1.23330512527583e+00   2.55295681267941e-01  -1.31560864741681e+00  -1.17603366956497e+00   2.10028928124864e+00   1.53695217727891e+00
  -8.32192246618512e-01  -4.73402144016224e+00   7.12236172573905e-01  -2.45846226024229e+00   2.26522013165298e+00   8.45540024221942e-01  -3.11914697852983e+00   1.38044345804690e-01   9.04254882209098e-01  -1.61133373842287e+00   2.10566038092792e+00   2.52653614970117e+00  -1.39988034537837e+00   5.25992907546298e-01  -1.67037490795683e+00   1.63558165872756e+00  -9.14584074548902e-01   5.00958982665628e-01   7.70478222618642e-01  -1.04455584861323e-01
  -5.49724994608038e-01   9.44655486808648e-01   1.75035986750614e-01   2.08737492257622e+00  -4.96967770643131e-02   1.28808649192166e+00   1.93825853795941e+00  -1.61183959877780e+00  -9.76020952156040e-01   1.21326094964190e+00  -8.53370516657359e-03   3.82866447067168e-01   1.88365996134389e+00  -5.82131764936261e-02  -2.00420006572459e+00   1.52759582423905e+00  -2.96572011659373e+00   3.92885670570932e-01  -3.92058241015307e+00  -1.37033558448158e+00
  -1.04871837472925e+00  -2.65469019331997e+00  -1.79483618800257e+00  -9.34927464048064e-01  -5.65723961612305e-01  -1.77357279989544e+00  -1.27803676719338e+00  -1.04758085761771e+00   1.78984152581456e+00  -9.12875718541115e-01  -2.91591981415469e+00   5.71554992840065e-01  -8.93512035597456e-01  -1.76753165060762e-01   2.16947182410970e+00   1.15196417525295e+00   2.78645964684507e-01   3.63758129142089e+00   1.01387720950123e+00  -8.35768762563410e-01
   1.00197772742157e-01  -9.69498317426449e-02   2.58482379184674e+00   9.31931889122062e-02  -9.96954023564756e-01  -6.02885941350730e-01  -1.42411311283537e-01  -1.30793979997634e+00  -4.57006256505982e-01   1.13594737168191e+00   1.78559026105480e+00  -8.49162954626008e-01   1.62182411983343e+00   1.82062504174844e+00   1.89250909625667e-01   1.18614338513044e+00  -1.55161760472655e-01   1.19552170195676e+00   2.61597496517677e+00  -4.53083073351694e-01
  -6.53550109989351e-01  -1.70937505983871e+00  -7.27895395417840e-01  -1.35549442506297e+00   2.48684200628850e-02  -1.79522169066155e+00   1.02627112292444e+00   3.59685743200777e+00   8.47402410964705e-01   2.15105607651609e+00  -5.84854513777347e-01  -1.85032904116558e-01  -7.53439052663546e-01   1.90928764003805e+00  -2.35816552218579e+00  -3.28524467616428e-01  -7.52771335775322e-01   7.54379381118782e-01   1.45912449231074e+00   3.78527890730556e-01
  -1.32547643408689e+00  -4.62622974928328e-01  -9.76305052488292e-01  -7.69570789248701e-01  -7.51711599594279e-01  -2.70231952115454e-01  -2.58543451420817e+00  -1.69504299454394e+00   7.25230038307142e-02   2.91506274559040e+00  -3.17586711177245e+00   1.96982563385536e+00   1.34865021776358e+00   1.42878300574474e+00  -6.19796601747676e-02   2.78242174036590e-01   1.74084027348483e+00  -4.68743910247523e-01   1.66444275483187e+00  -1.83822168266823e+00
  -1.79514046946572e+00  -1.24985558951544e+00   8.40581831955904e-01   7.15378053653630e-01  -9.79256198999657e-01  -1.57522256854890e+00  -2.68380833913455e-01  -1.44002470228881e+00   1.24836401190446e+00   1.52709263824921e-01  -1.48710603828822e+00  -1.41695266739550e-01  -2.27712384867297e+00   2.25135909987476e-01   3.72995709239856e+00  -2.06652369219210e+00  -1.81067879174365e+00   8.85639460906320e-02  -5.68839696176900e-01   2.78601388049722e+00
   1.45054000769562e-02   7.16938797472900e-01  -1.06515190047748e+00   1.56747780977143e+00   7.05651754594123e-02   2.85005683297932e+00   1.80460869022945e+00   1.79548679506540e+00   5.08854667067989e-01  -1.67450066917502e+00  -5.44253907998288e-01   7.04037144561093e-01   3.26651751284858e+00  -3.61282345601738e-01  -7.93721813277371e-02  -1.42303061274419e+00  -1.14309538555403e+00   1.01090330147083e+00   4.62020550594874e-01  -2.11002399050241e+00
  -2.05679099695109e+00   1.57030241087024e+00   2.05836737555444e+00   3.48174531730470e+00   3.62881037264698e-01   4.10739076416430e-01   8.36443657436141e-02  -2.36408797604862e-03   2.38746001358041e+00  -6.26586121642719e-01  -2.41303184923525e+00  -1.52903150579525e+00   3.50898760414047e-01   1.92731738373136e+00  -7.10957985400620e-01  -3.36097321912140e+00  -2.61189406965120e+00  -2.20301094335146e+00   3.91138934880491e-01  -2.28877913580675e+00
  -1.22624659721212e+00  -7.20077156638505e-01   5.35621346595410e-01   1.49857448688388e+00  -3.20793185026433e-01  -1.43496574467891e+00   1.39493419637193e-01  -1.47948322961401e+00  -3.09082250516579e+00  -7.22832987698718e-01   1.10345095492279e+00   7.66590417312730e-01  -2.39064939352276e-01  -3.15219204671090e-01  -1.93931315960736e-01  -8.11690605862504e-02  -4.47019035799255e-01  -1.03246885118386e+00  -5.36782097610872e-01   8.00078011074399e-01
   2.82475351707053e-01   5.72448952634127e-01   9.00677000881807e-02   8.83395729826430e-01   5.54358696942375e-01  -6.40736819147998e-01   3.31325877416253e+00   3.66155580269994e+00   1.90168135863109e+00  -1.36809727283317e+00   8.52005190653791e-01  -1.00708034789675e+00  -6.10898995150234e-01   1.00923227276601e+00  -4.23114701144660e-01   8.04269345797965e-01  -1.25238702520759e+00   7.07234238037026e-01  -1.54705990827584e+00  -4.78322435672705e-01
  -1.68932247601468e-01  -2.44376820522814e+00   2.26150993629333e-01   2.68664981915417e-01   2.07333828910005e-01   3.64712430742984e-02   3.42042491699670e-01   4.77164860431851e-01  -2.40754329988479e+00  -2.87236687064785e+00   2.63236780937669e+00   1.38063325310372e+00   7.53082619694577e-02  -3.66214363835717e-01   1.92236069626389e-01  -1.23744292672683e+00   1.62595308622848e+00  -2.50816193553096e-01  -5.96444267784580e-02  -2.85965989746699e-01
  -8.55301237927921e-02  -3.83176230008522e-01   2.16245188503650e+00   3.74937491421631e-01  -6.65763346384992e-02  -3.11012085059038e-01  -2.28952580926274e+00   2.16472188336578e+00  -4.61290848721996e-01   1.64789150011535e+00   2.08799515036647e-01  -1.18047194888562e-02   2.73044056911542e+00  -4.21203504528778e-02   4.15494960720132e-01  -3.97477695614931e-01   2.32652463806761e+00   7.57419182613267e-01   6.37870710750164e-01  -1.91325567921871e+00
   2.15733804577869e-01  -1.61976620512387e-01   1.75881731092446e+00  -2.99152977363529e+00  -3.98281866694416e-01  -1.57232855631106e-01   6.83003839452228e-01   2.61518507320207e-01  -1.15021539893022e+00   1.11931996310844e+00  -1.08740782564836e+00  -9.40688513884187e-02  -2.97221645913034e+00  -1.42131481384892e+00   1.34866669383775e+00   2.29340756268419e+00   2.01909260108444e+00   1.79612387292894e+00   1.37370415119586e-01  -2.32066125213448e-01
  -1.09329084492792e+00   1.24699568359110e+00  -1.45942651918050e-01   1.34272723895896e+00  -2.55860479561647e-01  -2.24446169220613e+00   1.40518187589524e+00   9.22748285455867e-01  -1.39797021541979e+00   7.86920077913289e-01   3.16577020199552e-01  -4.35898863186504e-01  -8.04257639016793e-01   9.24675513316903e-01  -1.36498686981312e+00  -1.52211569571014e+00  -1.86023637208980e-01   5.60405653226105e-01  -1.37297884155245e+00  -1.03538276252471e+00
  -1.47724874919886e+00   1.27730170259396e+00  -5.88920719000279e-01  -5.79377877482218e-01  -4.75353219255173e-01  -7.42937629863786e-01  -1.00547693442114e+00   3.58307998571785e-01  -2.12844423381144e+00   6.99624236568763e-01   2.28867977597829e+00   1.68556073749613e+00  -2.32901182157969e+00   7.81539986274750e-01   1.70248253548329e+00   4.08525412490509e-01   1.47468110281484e+00  -4.64923795483562e-01  -1.49615121032329e+00   9.92350000887319e-02
  -2.91657127352641e-01   6.03071119596076e-01   8.75733346707484e-01  -2.80525387692403e+00  -9.33100762571060e-01  -2.26729140557234e+00   1.88959963260301e-01  -1.04479646523667e+00   6.12847324438151e-01  -1.80890704774884e+00   5.50927802500227e-01   2.39849469336025e+00  -6.79335163070054e-02  -8.20633610352946e-01  -1.97454401296556e+00   1.00281643911952e+00   1.67429213153792e+00   9.99739009333273e-01   5.06182984446209e-01   9.57210461596875e-01
  -8.76944384878446e-01  -1.14904585516997e+00   5.36454545480717e-01  -1.17804528447494e-01  -1.52005039513262e+00   4.22719979604043e-02   8.88480036656235e-01  -1.36197821978889e+00   2.08757798389679e+00  -1.50867524536794e+00   3.78536259080523e-02  -7.40009469132555e-02   6.91563131601652e-01  -9.89088989940161e-01  -1.58437113647427e+00  -1.56374001249456e+00  -3.49985564625989e-01   2.65821181887963e+00   8.18287078194975e-01  -3.20938469534948e-01
   1.38975802122660e+00  -6.29921707292726e-01   9.15726793431957e-01   3.08894557037814e+00  -6.32148810700465e-01  -9.90372618918994e-03   9.54254077380148e-01  -7.76971343309256e-01  -3.48649565747979e+00   1.28120380577903e+00   2.66857769675630e+00  -3.64428285239894e-01  -4.45535270686987e+00   1.88407508956740e+00  -9.67584795922668e-01   5.09248116140379e-01  -2.18938535694605e+00  -3.22245247586471e+00  -6.83590128619318e-01   1.63845226063998e+00
  -8.76312335928471e-02   2.72678872745049e+00  -1.39057489709429e+00   5.12127362497335e-01  -6.34619186896104e-01   4.11418364484363e-01   3.81961763321747e-01  -1.06174720306576e+00   6.16986080745952e-01   3.47822352066343e-01  -1.67400314227316e+00   1.45116716374228e+00   3.93270273244099e+00   2.27596697985803e+00   3.64396457994330e+00   2.78098938476677e+00  -3.02301164163548e+00   2.50510279732258e-01  -2.80150573043965e-01   9.53774376666005e-01
   1.23167738225021e+00  -4.60701770892882e+00  -2.03792903425674e+00   5.25736375793698e-02  -1.70939481716567e+00  -2.16906068940500e+00   1.75353859497115e+00  -8.20873221808631e-01   1.29517592686744e+00  -1.63907072369731e+00  -4.58656358276201e-01  -9.68718117524677e-01  -7.35047895381985e-01  -9.27192848048086e-01  -1.27319200767976e+00   5.03587239054135e+00  -1.26525292851663e+00  -5.65746826404422e-01  -3.18638113727165e+00  -1.68343292915540e+00
