ARMA_MAT_TXT_FN008
41 2
  -2.57520783001111e-01   1.00829069596556e-01
  -1.53493419060012e+00  -7.31680421840102e-02
  -5.36669641301660e-01  -3.98572867176098e-01
  -5.79662006888224e-02  -1.31491207267615e+00
  -5.95417668479884e+00  -2.78399032427370e+00
  -2.69634723076257e+00   9.68857167259657e-01
  -4.98148507250611e+00  -1.69821433136073e+00
  -1.71225932306820e+00   4.23278731688185e-01
  -4.17087301534682e+00   5.51003519027497e-01
  -1.81863127631939e+00   2.42428350488123e-01
  -2.60148083474625e+00  -2.62370057275863e+00
  -6.84944077101484e-01  -8.65704932125011e-01
  -9.29042356953996e-01  -9.03520974240751e-01
  -1.89200038080290e+00  -1.50710774725965e+00
  -2.48001545432956e+00  -1.47123998168041e-02
  -2.73346765221419e-01  -6.60353689138176e-01
  -8.25099743739795e-01  -7.53268691481341e-01
   4.18809720705086e-01  -4.02481351422594e-01
  -1.27155453178245e+00  -1.02220430599731e+00
  -3.41394870859939e+00  -2.74103333683781e+00
  -7.10159494271650e-01  -1.81738779397438e+00
  -1.34272670777769e+00  -9.88922766399498e-01
  -1.25617014640586e+00  -2.10053165732001e+00
  -1.74955934449058e-01  -1.11925152886589e+00
  -1.19683371036950e-01  -1.49608135921516e+00
  -1.29194195316354e+00  -1.53900505838823e+00
  -2.14458191873932e+00  -7.49875404639053e-01
  -1.99825088865892e+00  -2.71734408356002e+00
  -2.45293800388736e+00  -8.87295869074106e-01
  -8.20349996742187e-01  -1.07357093233016e-01
  -6.32213891141316e-01  -7.98780658094933e-03
  -6.91824776764796e-01  -7.98214698953754e-01
  -9.03055045663430e-01  -3.65437864852546e+00
  -2.96283090856190e+00  -1.33512475838431e+00
   2.95230326517700e-01  -3.69284603623007e+00
  -2.17171402105290e+00  -1.45006003924651e-01
  -3.13659539365824e+00  -1.64299521096330e+00
  -2.51480762056523e+00  -1.00491286349009e+00
  -6.91968879375578e-01  -1.39456572979183e+00
  -3.95429528686618e+00  -1.99094607680193e+00
  -1.72310581963799e+00  -3.24822213244459e+00
