ARMA_MAT_TXT_FN008
81 20
  -3.34698918129925e+00  -1.95408680620297e+00  -2.64324758484901e+00   1.20426350193767e+00  -7.44068733169219e-01  -9.58812742487629e-01   3.12063439439247e-02  -1.90072089579485e+00  -7.56928926300283e-01   3.73403604159317e+00  -5.49537250641351e-01   3.45695189788826e-01   1.19030485390915e+00   7.27509330219049e-01  -2.35530174305575e+00   1.28062256832526e+00  -2.88979409487286e+00   6.19455165974082e-01  -3.63595319907055e+00   1.19086998464770e-01
   1.80127386757568e+00  -6.40244054671514e-01   6.54768856037066e-01   3.73934321511153e+00   4.12293134148250e+00   6.50973090064031e-01   2.11987968298998e-01  -1.40935496641455e+00   1.88589792364805e+00   1.20280775937273e+00   1.51746430089601e+00   3.32437693517103e+00  -1.67899812523657e+00  -2.85898683492429e-01  -1.25630883573646e+00   1.48409181884373e+00  -3.57948672059325e+00  -3.49280114607193e+00   9.35317300553612e-01  -9.98740701495001e-02
  -2.85599882082891e+00   1.56968871481581e+00   2.21092111004589e+00   1.44704918534349e+00  -6.98780037689160e-01  -3.01137327242106e+00   1.06822249227790e+00   1.51972631686570e+00  -6.23576495054873e+00  -1.16295688134139e+00  -1.58348965169562e+00  -4.97487553313320e-01   1.46517750206964e+00  -1.33148745181653e+00  -1.03985978681760e+01   2.04794771543336e+00  -2.86720569904187e+00  -1.38865278316242e+00   1.36753039811714e+00  -2.22642091648050e+00
   4.66528764591009e+00  -2.01644671342163e+00  -3.51631730189716e+00   1.15100326105522e+00  -7.27590866699672e-01   5.72736040495324e+00  -3.16819631805003e+00   1.62626184821106e+00   2.80604439601813e-01  -2.05404393231977e-01   1.98527575694193e+00  -6.84065788350044e-01   1.04450266217466e-01   5.14967794968963e+00   1.89240461065397e+00  -1.12267876590709e+00  -1.81177003020045e+00   1.41189228825612e+00   2.80444978144489e+00  -3.14228883531947e-01
   1.41797088539145e+00   7.30989386846043e-01   2.47262361700454e+00  -1.43361755577031e+00   5.64244201214995e+00   1.46611409361973e-01  -1.56988998752495e+00   2.29386350149152e+00  -5.69988189807351e-01  -8.00676875241008e-01   4.37150069929516e+00  -3.34922432305678e+00  -1.39880666619506e+00  -1.64355029103495e+00  -3.31780082871283e+00  -2.48632392626594e+00  -1.87303043391593e+00  -1.51837991997824e+00   7.64495028683878e+00  -1.87432710697183e+00
  -2.89197763527853e+00  -8.88809772583282e-01  -2.50192352906317e+00  -1.08479139603785e+00  -7.46853097668868e-01  -7.76297418468199e+00   7.90255515871866e-01   2.50544061046510e-01   2.03042393970172e+00   1.08330435496562e+00  -1.11201413949790e-01  -2.30002055902016e+00  -1.14561528412830e+00  -2.92621819481688e+00  -5.35342916864472e-01   1.75331795219048e+00  -2.64012749956867e+00   5.00762261609791e+00   1.15830115723766e+00  -1.06940104266177e+00
   1.86468282845430e+00   2.73262465735704e-01   3.95242900459072e+00   9.12909258731433e-01   5.01064366615134e-01   1.42797157756284e+00   6.85068193797976e-01  -5.12391600297856e-01   2.55092343697764e+00  -2.22753550113938e-01  -1.29761324367255e+00   6.64725610927382e-02   2.03977852529375e+00   1.68358512258254e+00  -2.72332861921581e+00  -7.44492799215699e-01  -6.95522552188322e-01  -2.80364512849188e+00  -1.53388713212058e+00  -1.31388429653976e+00
  -4.58640461539215e+00  -1.23956673527857e+00  -4.39840871885163e+00   1.81830391889388e-01  -1.58590480427694e+00  -1.66816570904261e+00  -3.73075557860706e-01  -1.87885682878430e+00   1.44121059742377e+00  -2.90360714066869e+00   2.51853333010800e+00   2.34903043024978e+00  -3.32083214711442e+00   1.77813798062950e+00  -4.93831900004628e+00   6.45185133594094e-01   1.20587017683586e+00   2.24260651329864e+00  -2.01164373605790e+00   4.22420803461007e+00
   3.53916233318265e+00  -6.06460155570322e-01   2.94539137389685e+00  -8.58481817142828e-01   1.53003365178587e+00  -1.27260684184367e+00   6.04770605257032e-01  -1.34515279573196e+00  -9.44353077996051e-01  -1.66208418348891e-01   1.98936494056619e+00  -2.13519155957904e+00   3.26569001447685e+00   1.51101111214484e+00   3.85156513496972e-01  -1.53726230390745e+00  -2.30853740971730e+00   1.51995720305812e+00  -1.25318156344522e+00  -1.23230904458189e+00
  -4.57337360110069e-01  -3.40529659423161e-01  -2.31208533693612e+00   6.36642495076070e+00   7.73600752166802e+00   9.27944660956431e-01   4.73455585574188e+00   1.99926425759242e+00   2.43120556443379e+00  -3.33928680017514e-01   1.18830769068931e+00  -2.99759199529359e-01  -1.78217760669416e+00   2.49793696591752e-01  -4.61684896333089e+00   2.39228553059379e+00  -5.14686040022897e+00   2.53268107611484e+00  -6.67584341123286e+00  -3.14164662509541e+00
  -2.01723464550752e+00  -2.63933841712755e+00   1.60831249294555e+00   3.20081860896659e+00   7.94032648247959e-01  -4.06179864105719e-01  -8.04445060063339e-01  -1.00113396317365e+00  -1.69821786503037e+00   1.68770295857813e-01  -7.65904645514909e-01   5.70689332362135e-01   3.94065793277254e+00  -3.04233307546478e-01  -4.33863451576704e+00  -4.20355680433603e+00   2.46514486393398e+00  -3.89277001875455e+00  -2.09204967634504e+00   5.56646271493349e-01
   4.32201950483832e+00   1.73153796617391e+00  -3.25890145427728e+00  -4.59065118042776e-02   1.54645707168026e-01  -2.40105234288138e+00  -2.06406452993953e+00  -2.00017904220245e+00  -3.71743458820064e+00   4.18859962832398e+00   1.30562748705286e+00  -1.32379160488331e+00   1.02566857961014e+00  -2.84085567737210e+00  -2.46082015321801e+00   7.45249096956853e+00  -2.51115097569266e+00  -2.67063591209870e+00  -4.28755905914184e+00   2.73847119396143e+00
   2.69341749411654e+00   2.40886528657346e+00  -3.17096341492554e-01   2.36779351915667e+00  -2.48917978962981e+00  -2.88337182356707e+00  -1.11840607073781e+00  -1.88085554726983e-02   1.77817617602900e+00   1.59735448668293e+00  -4.19304294129689e+00  -6.61115592791141e-01   5.88057287453426e-01  -8.28875095211913e-01   3.36526506805450e+00  -2.83756920861846e+00  -1.22214588091051e+00   6.67081596556730e+00  -1.03797833994877e+00   2.56677055357323e+00
  -2.66726467001829e+00   2.60760910259485e+00  -1.78685377918032e+00   1.04013163498349e+00  -2.30839703242282e+00  -1.18814561642636e+00   4.02500918042229e+00  -7.89290299814462e-01  -2.20908031093988e+00  -4.17472060600103e+00  -8.77549971836969e-01  -8.06421792296903e-01   2.53064469941382e+00   2.46698441169641e+00   2.74239889265513e-01  -2.87395978411005e+00  -1.95043544055291e+00   3.08462438088330e+00   1.18192438740483e+00  -2.24570069568184e+00
  -2.88849395277116e+00  -2.46048959978517e+00   3.12945382060889e+00   2.09827284004531e+00   6.48923987203350e-01  -1.69003061622577e+00  -9.30454601762791e-01   4.18228430282715e+00   2.37039535680243e+00  -6.96847065945305e-01   1.98306244835345e+00  -2.29744747366045e+00  -2.20160367272623e+00   1.78866576166471e+00   1.43045898022718e+00   4.84993279394137e+00  -1.91114297717392e+00   2.02798870484305e+00  -2.63701299480390e-01  -7.45708650121471e-01
   9.43712506661508e-01   2.99821243421219e+00  -1.33448185762796e+00  -3.80682017620225e+00  -6.15423867881265e+00  -1.06064816298153e+00  -7.98902160902255e-01   1.12701633846213e+00  -1.71839950692601e+00  -5.02517031788272e+00  -5.06729627772472e-01  -1.18858152215028e+00  -1.61754358641182e-01   2.41428646774097e-01  -9.71420642580341e-01  -3.15187072263270e+00   5.79377118888630e+00  -2.76030230481027e+00   3.29706103499595e+00   5.19137700931848e-01
  -2.61553139741855e+00   2.89804658895149e+00   3.19640313433594e+00   1.89100669458484e+00  -3.01719811545943e+00  -7.75924433297451e-01   1.08636047239379e+00  -2.72327599248757e+00  -1.63163998001586e+00  -2.50860239951062e+00   4.53606980339622e+00  -1.77963905211529e+00   1.70183573051764e-01  -1.01291541085565e+00   4.77288024029214e+00  -2.03554987260153e-01  -4.32495725235654e+00  -1.44814910243121e-01  -4.54309589187607e+00   2.35464694038970e+00
   1.14382301458854e+00   2.44300147631691e+00   1.01825812086764e-01   1.79381046717978e-01  -3.38934545946525e+00   1.27965038097668e+00   1.94364246153131e-02   2.53919789983537e+00   1.18212085481306e+00   2.97560614223031e-01   2.48594104863049e+00   1.75527769750525e-01  -1.84326788194615e+00  -1.28768335003467e+00  -1.26597966965698e+00   3.74812636165982e+00   4.76203864249928e+00   1.34325678131491e-01  -2.06117616679426e+00   4.01440291040400e+00
  -4.28740781173163e+00  -2.74552358173859e+00   2.58127326800768e+00  -1.32687653672710e+00   2.19689067774537e+00   3.14564062982129e+00  -3.55827099250333e+00  -4.50758826495984e+00   3.33852451211530e+00  -2.48781719215236e+00  -1.62265405593908e+00   2.24387310034144e+00   6.67411516738448e-01   2.36799780934301e+00   4.81678292076557e-01  -5.00802835599550e-01   8.23473203751886e-01   7.77643981315649e-01  -1.66323056158676e-01   4.54518047198113e-01
   2.22147955762863e+00   2.07588553649916e+00   6.31843711785436e+00   4.70947554798392e+00   2.41750696275301e-01  -1.08963426162956e+00   3.93169487850935e+00  -3.91881833289790e+00   9.80221893438320e-02  -2.29783319322698e+00  -9.18565627770217e-01  -3.65622159686062e+00   7.42780673856643e-01  -2.63336403672306e+00   1.70431357229939e+00  -3.07362791491563e+00   7.01661579897587e-01  -3.33555918892371e+00   1.34954536057135e+00  -2.07495936565878e+00
  -4.42694902421978e+00   5.34270381163927e+00  -3.24066565388219e+00   1.98565922992625e+00   1.05289288668851e+00  -1.63416990017562e+00   1.41246654465454e+00  -3.39047749528347e-01  -3.99163935623961e+00   7.50761368328203e-01   1.19932003615071e+00   3.34464955572077e+00   1.42167759606006e+00   1.92803657627334e+00  -2.18922829948409e+00   2.92898101569085e+00  -2.51196872207740e+00   2.43823867064513e+00  -4.07147366664629e+00  -4.16008351487484e+00
  -7.39302539586900e+00  -4.42605282091592e+00  -5.58162100950443e-01   2.34403272499506e+00  -2.89065080523868e+00   1.40134167874181e+00   2.41503332188167e+00   1.22440296098851e+00   8.26801240342222e-01   1.98172388927662e+00   5.04990317090082e-01  -9.37881103000560e-01   2.28921314489273e-01   2.13177587322111e+00   2.55335198335357e+00   1.22200430830694e+00  -1.67849200623571e+00   3.94447577375337e+00  -8.65850153367720e-01  -1.63206921497803e+00
  -1.13098807698317e+00   5.43461897882079e-02  -1.34290740291681e+00   3.46577312526419e+00  -2.30867888323329e+00  -4.15450024195874e+00  -3.87528906413716e+00  -3.29964960931264e-01   1.10229376745033e+00   4.00315388516985e+00  -1.92929860341167e+00  -7.90091005664045e-01  -6.94713624909505e+00  -5.19120134587483e+00  -3.81739320733757e+00  -1.58369195671320e+00   7.21658670837779e-01  -3.24664000090245e+00  -5.66925742150678e+00  -4.83994259366085e+00
  -3.65640844259546e+00  -1.71515951305042e+00  -5.92351259156591e-01  -3.15997146755565e+00   2.23466347392491e-01   1.60785923615741e+00  -2.95058879431864e-01  -2.92685995704792e-01   4.61769229380629e-01   1.04895234437368e+00   5.12286833811125e-01  -2.77485816245641e+00   3.38074026208207e-01  -5.04443730225616e+00   2.04139016811960e+00   1.52214330643412e+00   1.33557144928722e+00   8.30421944607668e-02  -1.01950523731050e+00  -2.65759270943502e+00
  -5.21967035089058e+00   3.83362782410762e+00  -2.91124141473765e-01   4.48486212899368e+00   1.72444038449729e+00   1.20937031174719e+00  -2.13241723210083e+00  -3.63001383854579e+00   4.55047194504765e+00   3.42180050757927e+00  -4.78041599739463e-01   5.31501494834162e-01   1.55728769583530e+00  -1.54462837079646e+00  -2.19558499494200e+00  -7.41265541026284e-02   5.19984131881493e+00  -6.49895075566953e+00  -2.59756463845912e+00  -1.34678921600342e+00
   9.05879547227827e-01  -2.77418185769323e-01  -9.13081380100978e-01  -3.31356574389471e+00   7.82482886169625e-01  -3.32895337234754e-01   2.07168318019966e-01  -6.66500554000827e-01   2.73885950457718e+00   3.40725298002830e+00  -3.56599591931332e+00   5.72729609993848e-01  -1.91116695621555e+00  -3.26537552144567e+00  -6.10605825939742e-01  -2.51487480564706e+00  -6.46196013705225e-01  -6.14424214097330e-01  -1.61020156883079e+00   1.88588647007469e+00
   5.98033220965228e-01   2.40184750254030e+00  -1.16664094525267e+00   1.24501981717845e+00   1.54629809378277e+00   2.34855464380165e+00   3.54098509796192e+00  -9.49034862645944e-01   4.40651024852526e+00   9.41938036165766e-01  -1.52276147517824e+00  -8.09205377052703e+00  -2.90021241341269e+00  -7.93792008882857e-01   2.27980449831626e+00   2.12069774058153e+00  -2.47768434630590e-01   3.00443356519272e+00   2.51017809125230e+00   4.48979821298997e-01
  -2.89969426517001e+00  -3.31722377070872e-01   7.48443857282439e-01   1.61039323320205e+00  -1.04035839391654e+00   5.26622914200327e+00  -9.91896048939342e-01   1.61635550614630e+00   1.84350515349623e+00   3.69452260671937e+00   9.58023122353574e-01  -4.95458612086005e+00  -1.34306576725255e+00   6.75204695207609e-01   9.07376617268072e-02  -1.16659191483658e+00   5.09169668603966e+00   6.56593495940832e-01  -1.59824154720422e+00  -2.17064698049147e+00
  -2.32554944267315e+00   6.96980279424880e+00  -3.12445718595547e+00  -2.25907515600626e-01  -1.99743137310649e+00  -7.80001378815632e+00   4.42127906532882e+00   1.57478989182509e-01  -1.25584638385740e+00   2.26273691625959e+00  -4.57181069735270e+00   2.13558506409980e+00  -2.68356177312499e+00  -2.02042880183116e+00  -3.82536520159916e-01  -5.59587158622379e-02  -5.63331963213553e-01  -1.53432152653727e+00  -1.36185424359913e+00   8.42183125591718e-02
   2.00110445209805e+00   1.50241442758013e-01   3.24061237509554e+00  -5.41164461035172e+00   7.15620643740448e-01   1.21620215717794e+00  -5.10661447873725e+00  -2.68165588193867e+00  -3.81423413397827e+00  -2.77201554797269e+00  -7.84471998158687e-03  -3.12539053577713e+00   4.51051920687941e-01  -2.60062737620418e+00  -1.12728313841778e+00   2.38927048810593e+00   1.86188192539270e+00  -7.52143833363373e-01  -4.24521359312091e+00   4.39659322377841e-01
   3.35798235955983e+00  -9.86315854859689e-01   2.16401326182721e+00  -6.00088162821094e-02   1.27550823019530e+00  -1.38657322099759e-01  -9.29157199288817e-02  -9.52811048067165e-01  -2.19308504920892e+00  -7.63971307140801e-01  -1.77624279032352e+00   2.64746412954080e-01   1.50674546940327e+00   2.83058922708075e+00   6.62772607696655e+00  -4.09176897177844e+00  -1.45064489055820e+00   2.83412009498646e+00  -1.69562619160757e+00   1.18566786231866e-01
   1.60297177513498e+00   1.01547319879079e+00  -9.12662945607564e-01   1.33955513570530e+00   1.17746564830062e+00   4.52277425854461e+00   1.25968013656828e+00   8.42771521927321e-01  -5.50263940487798e+00  -1.40847191879791e+00  -5.19413582144976e+00   1.77880564005375e-01  -3.47454300902274e+00  -7.80729094121464e+00  -2.53304139571574e+00   1.24839888135091e+00  -1.94880313201359e+00   1.53454410384034e+00   8.47346570827073e-01   1.39307999554266e+00
   3.32393008868788e+00  -2.12893844438517e+00  -1.84292209288531e+00   1.58810494924652e+00   8.79854697867866e+00  -3.66896145188814e+00  -1.81162422876817e+00   1.61217957462796e+00   2.77104962993715e-01  -2.60908682465445e+00  -4.19592040600637e-01   4.04210563077611e+00   7.53336275651301e-01  -1.21425187805258e-01   1.62222299438264e+00  -1.84328281244000e+00  -3.33012941263375e+00   4.03811391082430e+00   1.36763479143355e+00  -2.51088188813010e+00
  -4.38498107236626e+00   5.45859223813867e+00  -3.31616712442253e+00  -8.37991931120923e-02   4.03993118950999e+00  -2.84826504637095e+00   4.94436673265289e-01  -4.19946885035284e+00   4.44662737853231e+00  -6.33876161632951e+00  -6.24207833642582e+00  -1.04368132212341e+00  -3.27873375555466e-02   2.99040099095798e+00  -4.25590502296246e+00   3.49218533900146e-02   4.13773941721025e+00   1.11674374364189e-01   1.12970964783486e+00   4.23704591864788e+00
  -4.24810922891452e-02  -2.32267310250125e-01  -2.49936845484828e+00  -1.35780153392672e+00   2.47520631072112e-01  -4.20370914181270e+00  -3.77146981555808e+00   4.69234525829120e+00   4.03333616299486e+00  -1.64197166246633e+00  -8.33933208069972e-01   1.39070292168958e+00   2.25534876795001e+00   3.69606964031971e+00   3.28952301035332e-01  -1.83640940462180e-01   2.85256441013408e+00  -3.33403697694905e+00  -2.43254057852258e-01  -1.71250441480961e+00
  -9.30123289622644e-01   2.15318377264630e+00   4.11543980922610e-01   8.16803246370895e-01   3.01161930684449e+00  -1.46969689072117e-01   2.44978301347990e+00  -2.11758728455397e+00   2.46388169073876e+00  -4.14839124922769e+00   1.88967836092862e+00  -2.10047937355652e+00   2.65469464240784e+00   1.61822918951298e+00   4.01729692393839e+00  -1.07684087590720e-01   3.81030112414714e+00   8.32283039487669e-01  -1.41460052528672e+00   1.58057125540818e+00
  -4.22740641794102e-01   1.98720463307390e+00   1.42022697189298e+00   1.54054835252006e-01   1.14244902501216e+00  -8.82793774383682e-01   3.76379365316068e+00   3.01725611237337e+00   1.15515364565079e+00  -2.80902412037146e-02   1.10354578591520e+00  -6.15610991749971e-01   1.37892462255514e+00  -4.32830913351425e+00  -8.08600777746243e+00  -1.13848806699389e+00  -1.59196423749148e-01   9.72518162708698e-01  -4.21211283879994e-01  -5.90110530640246e-01
   1.76178300139011e+00   1.61532969115241e-01  -2.33428520372609e-01  -3.19829717442492e-01  -4.84029551108217e+00  -1.24165010545358e+00  -1.41760241441126e-01  -4.04755734687314e-01   3.55936996219440e+00   1.43465302962878e-01  -5.46843563599987e+00  -1.77027649763335e+00  -4.28958855742830e-01   1.01510529098461e+00  -1.10544408338007e-01   1.61440169066332e+00  -6.06332790182413e-01  -3.29332952916788e+00   3.15151789918472e+00   7.08014984057682e+00
  -5.33351307087206e+00  -1.76084415216594e+00  -3.01095778796854e+00  -5.14568036985802e+00  -6.53911359379711e-01   8.49649635508370e-01   2.21303564108028e+00   2.99687009469162e+00   3.15748840364944e+00  -2.34043869439599e+00  -3.39788847130948e+00   1.17645266909623e+00   1.12487063104050e+00  -2.01093038656656e-01  -5.80547936744986e-01   9.23290221297615e-01  -1.75053302972986e+00   3.49880733119915e+00  -2.58543560162062e+00   1.73922202604077e+00
   1.40375959411585e+00  -7.26518911952207e-01   2.47190122438817e-01  -2.72062610795117e+00  -4.52341071668360e-01  -3.55935100766125e-01   5.33104914997351e+00  -5.89387203936728e-01  -1.08884723574189e+00  -8.02790208614492e+00   6.68272163255673e+00   5.47206658114591e+00   1.07159115830829e+00   8.27990420673284e-01   2.88239881174284e+00  -2.18859264216113e+00   1.70404564915946e+00  -9.49844067243093e-01   4.29916420051178e-01  -5.93406909856217e-01
   8.45819762538372e-01  -1.77222797398041e-01   8.82088272126678e-01   2.06490295880605e+00   3.79945944925743e+00  -2.76181003869278e+00  -3.69118074431541e+00   5.29766839650389e-01   6.78713515963676e-01   1.29708782066684e+00   9.72095244175537e-01  -9.61008306617670e-02   4.01892885681229e-02   1.84129379223442e+00   4.22895013973501e+00   1.06671524681842e+00  -4.90789564704354e+00   8.35481263525869e-01  -1.24281433952482e+00   6.76021571140703e+00
  -2.14879886582388e+00   8.93785734199268e-01   2.87227067770262e+00   2.90888986980975e+00  -5.76974838300038e+00  -4.21322450240581e-02   8.79815578337084e-02  -4.60166062430938e-01  -3.45928155981030e-01  -1.45328925588696e+00  -3.38662150458763e+00   8.40442863625382e-01   6.32668737489508e-01  -1.63948054779543e+00   2.48280412769883e-01   1.42884854910506e+00   2.79809472143376e+00  -4.54709419727854e+00   1.82488894735288e+00  -1.78911231512319e+00
  -7.56350683379457e-01  -3.36029529752469e+00   7.27623230275678e-01  -1.39451137897350e+00  -8.91441045164117e-01   2.88006401150543e+00  -3.18637947944773e-01  -8.76029428956785e-01  -3.02871537297352e+00   1.51052348159923e+00  -1.76310903911029e+00  -3.07729529565568e+00   7.76349759742032e+00  -2.54029841412132e+00  -3.14758251632800e+00   3.23639658818544e+00  -2.00238065606096e-01  -9.86402277106739e-01  -4.71994105514871e+00   2.09122955725461e-01
   4.85002688196972e+00   2.61461397065485e+00  -3.12811262013412e-01   1.40223660008639e-01   1.54911869694441e+00   2.43885673322370e+00   1.22804357130476e+00   1.14585387092180e+00  -1.47634361225692e+00   2.41238555271461e+00   1.14465234555531e-01   7.21402918521729e-01   5.02369055641166e+00   8.04091639063284e-01  -8.31639751618279e-01   1.26833222079826e+00  -1.19734570622551e+00  -7.66316934590926e-01  -7.70402442374190e-01   3.26128630498894e+00
  -4.14406058737400e+00   2.23216152607872e+00  -1.37911677460698e+00   2.70685745814585e+00  -2.08372327685260e+00  -5.44104488070692e+00  -5.51228967790350e-01   4.87556979913651e+00   4.08883317628362e-01  -1.14030944677525e-01   4.19966135588084e+00   3.88328960681191e+00   9.06779389363696e-01  -4.32583114595891e-01   1.74551330714226e+00   7.03025869932326e-01   3.84430875212617e-01   8.11377582635139e-01   9.10397947042990e-01  -3.62904815631612e-01
  -1.84879358836215e+00   1.86980713164307e+00  -8.39864830641629e-01   1.33658115902660e+00  -1.49804251704730e+00   4.86524900536434e+00  -1.97958257960176e+00  -2.81803548094573e+00   2.22625307465773e+00   1.75579151957669e+00  -1.76563191154610e+00  -2.62498546529514e+00  -1.41926722680605e-02  -5.10778547048528e-01  -2.38352404857085e-01  -3.14683921074726e+00  -6.32579493458585e-01   3.38698122856036e+00   1.63851909983975e+00  -2.35750749207543e+00
   1.06303046274899e+00   1.35263155012307e+00   2.37596104632846e-02  -2.96735147056416e+00   1.06112915442471e+00  -1.76642688973734e+00   1.54845158663113e+00   2.60503442401917e+00  -9.19568721101071e-01   7.30302066560440e-01  -1.47033889294524e+00  -3.65646306293516e+00   3.35217168275921e-01   2.08621690841763e-01   1.04410887233195e+00   4.11848871774643e-01   2.92563840209832e+00   4.19194465742352e+00  -5.77690791405073e-01  -9.42129909810113e-01
   2.56739207901063e-01  -1.74516129418931e+00   3.11514113463612e+00  -4.53591069321000e+00  -1.75429794470801e-01  -5.90703675124222e+00  -1.86430095641739e+00  -5.59374772738391e-02   7.85674437636903e-01   3.39371120492924e-01   2.29275610965029e-01  -1.04771233295304e+00  -5.31320366005548e-01   9.38460934918304e-02   1.70743020618327e+00   1.84144112804064e+00   9.55948276715741e-01  -1.19054531521662e+00  -2.13533535291590e+00   9.50341669457571e-01
  -3.86822233381995e-01   7.58632307916739e-01   3.01990609943200e+00  -2.00854389694411e+00   2.75970489841079e+00   2.08351218331318e-01   1.01117785864527e+00  -2.25112767270098e+00  -2.87484055070010e+00  -4.95351892525599e-01   2.91793281609991e+00   7.30105656038806e+00   2.96413241815427e+00  -2.52391970077531e+00   9.57902665064286e+00  -9.64213654770831e-01   1.94977098091287e+00   1.32063933220091e+00  -1.25031981650243e-01  -1.26676142760820e+00
  -2.66472749512430e+00   3.14166142231323e-01   8.08625533184255e-01  -2.71482340162084e+00  -3.60794178769035e+00   4.62648750828524e-01   2.40584292986008e+00   2.19007767767666e+00  -1.77744973037050e+00  -7.26261546991092e-01   1.51717932005185e+00  -1.15163250614355e+00   1.63775241873699e-01   8.40722148829682e-01   1.10736491188434e+00  -4.82289347973903e-01   3.60406706358536e-01  -2.44383332435723e+00  -1.12695915636942e+00   3.95712000867669e+00
   3.68433203927818e+00  -1.65238471886165e-02   6.45113617529133e-01  -3.04937083300227e+00  -9.32831271895737e-01  -3.90113815193162e-01   3.61400274008560e+00   4.49471477932677e+00  -3.26191403485607e+00  -1.51391232620307e+00  -2.98959702300654e+00  -5.42471896932891e+00  -2.99190664117818e+00  -3.95740828859237e+00   3.47242927580275e-01  -3.25814717369225e+00   1.07345628625016e+00   4.14366349070126e+00  -2.98768217834152e-01  -4.20677542248603e+00
  -3.72645501431258e+00   1.54634342621125e+00   5.59560957985455e+00   1.50838882154842e+00  -1.83375197988077e+00   2.93518607906681e-01   3.55757434516733e-01  -8.46513055584828e-02  -2.92747696948257e-01   1.72261428856733e+00   1.22682281490761e+00  -2.40173097327837e+00  -8.34046512268846e-01   4.42573483439320e-01   3.32922354935614e+00  -5.31955970308098e-02   2.58401861726447e+00  -5.54632995722767e-01   5.11502372272036e+00  -2.00879454151347e+00
  -2.26842400346528e+00  -3.97370503229640e+00  -2.03458019610453e+00   2.74367772672744e+00   2.79078648351165e+00   1.47733699580847e+00  -1.43804158095993e-01  -2.56402779602805e+00  -1.64822303831240e+00   3.77389745959892e-01  -1.33594952405686e+00  -1.47604484687595e+00  -1.38503366664739e-01   1.37868446142059e+00  -9.44965146347949e-01  -2.81720282177392e-01   1.49331767348643e+00   2.28946931153389e-02   3.87187741943360e+00  -7.31191054113737e+00
   5.85308686911968e+00  -1.48283164244403e+00   2.61161001749256e+00   1.42284770645138e+00   1.24216930921437e+00  -2.96377194952229e-01  -3.60398052680951e+00   2.31632330808633e+00   3.36962533022862e+00  -3.68065885072681e+00  -4.06081493356474e+00  -1.62897347323657e+00   1.57581189641831e+00  -1.74820648591076e+00   8.37145602378017e-01  -6.63649337450304e-01  -5.14103907781845e-01  -5.04515705966009e-01  -3.50206799767258e-01   1.92039970444829e+00
   6.43118840352989e+00   2.39573049038366e+00   4.10299804962695e-01  -2.79116004047858e+00   5.59901600343352e-01  -3.41940667499760e-01   5.01702859271897e-01  -6.59202442040730e-01   2.35584693949798e+00  -6.45893739087101e-01   4.72771513779706e+00  -1.40373401942970e+00   1.10495016444541e+00  -1.02320210912840e+00  -3.57200667157786e+00  -9.84398320346601e-01   9.46155663736655e-01  -2.17744507818929e+00  -1.32764651856060e+00  -8.88976758998966e-01
  -1.76555258939673e+00  -1.32300685194168e+00  -2.50588750899482e+00  -4.56764391448429e-02   1.05322568916135e+00   1.80128484102505e+00  -3.68962068171494e-01   3.95338324602197e-02  -2.37935942809620e+00   2.03626043771631e+00  -7.39822679715226e-01   2.43839305345768e-01   3.31147490344374e+00   2.05805322581047e+00  -5.05647451918186e+00   4.79600793698439e+00  -2.25363932965457e+00  -4.28366009330009e-01  -1.63971867807202e+00  -7.92219516420610e-01
  -1.09611424613241e+00  -1.63242846396856e+00   2.31461802589578e+00  -3.45935375230732e-01  -1.95737289769589e-01   3.15406152487130e+00  -2.18788640445629e+00  -1.89848890853275e+00  -1.48483748348885e+00  -2.78271464375795e-01   4.96820642011225e-01  -1.70060530652975e+00  -8.86020172466467e-01  -2.96104052339960e+00   1.67365750062905e+00   2.60714221876772e-01  -4.46119766660668e+00  -1.44071645194731e+00   2.93231589335876e+00   5.70924931338133e+00
   1.60233738085093e+00   3.25127054777484e+00  -4.45117812638329e+00  -3.58875792736920e+00   1.42463598974950e+00  -2.83577319354462e+00   3.17284850576508e-01  -3.20154849584262e+00   1.08733553163854e+00   1.86492759050464e+00  -1.19968400840226e+00   6.18011448303023e-01  -4.75086001021822e+00   4.26547744514456e+00  -2.89540546322784e+00  -2.56920662588007e+00   2.57803175411589e+00  -4.03593883435134e-01   3.32909738032891e+00   6.96153235554590e-01
  -1.24960544365786e+00  -1.45560895855535e+00  -7.54786143881167e+00   5.98636561121528e-01  -2.13517696236851e+00   3.90284461122729e+00  -9.00636508763891e-01   2.09884381382158e+00  -3.04955953313218e+00  -6.52597872849232e+00   1.17618318859744e+00  -3.51968003295941e+00   4.86821715910556e+00  -2.89635398388019e+00   3.69253322611379e+00  -6.25631506416864e-01  -3.42598297222360e-01   2.36821196933594e+00   2.85859813508609e+00  -1.15656142647897e+00
   4.65600376591959e+00  -1.18697855174660e+00   2.94625414272528e-01  -9.78743941406372e-01  -3.72604516680409e+00  -2.34111559711864e+00  -3.85270192674791e+00   2.95910142244057e-01   4.20021840224634e+00   2.57282302271604e+00  -2.55327277218298e+00  -4.53334075004899e+00  -1.71128036966179e+00  -3.67096423236129e+00  -5.74033784580636e-02   4.54903858157407e+00   3.20672856670125e+00   1.25853019447588e+00   2.51415944589377e+00   1.91341151162919e-02
   1.42410842041333e+00  -5.19298200437801e+00  -1.56086400034214e+00  -2.09650731044640e+00   1.81585155044062e+00  -9.63209641075923e-01   2.01106999550268e-01   4.20156946667670e+00  -1.49068303416808e+00   1.97465482572249e+00  -6.15513931425590e+00  -5.66530442619400e+00   1.67368168215373e+00  -1.56241755722512e+00   2.75216643149070e+00  -3.73406455579695e+00  -2.66476547976748e-01   1.86866094702970e+00   1.38865434747899e+00  -1.27506425918932e+00
  -2.53581319461784e+00  -1.82008466706232e+00   1.89075038028316e+00   3.66247771000690e+00  -1.05561786072707e+00   5.71213184811848e+00  -6.58873906925435e-01  -1.36829736448189e+00  -3.32561139232287e+00  -5.35363235836149e+00   2.35379384021590e-01  -6.16913810887387e-01  -2.51569265065515e+00  -8.46689755768702e-01   7.71443477191177e-01   2.21839208445506e+00   1.84508368111212e+00  -6.28388417490304e-02  -3.91052628974788e-01  -2.32243075919124e+00
   3.75397828680107e+00  -1.10238531375086e+00   2.62474209967305e+00  -1.29769837031711e+00  -3.31140519917513e+00  -4.17553990333571e+00   1.29290224076635e+00   3.70794859208984e+00  -8.91053757014501e-01   1.54754197970772e-01   6.84712820129056e-01  -8.33029842045112e-01  -4.35268916452800e-01   1.91606214755840e-01  -1.40991397577114e+00   2.85665690452336e+00  -1.65846347913919e+00  -2.44446876548909e+00   1.05025444910824e-01   1.62067999854817e+00
  -5.08011364317433e+00  -1.49470569494999e+00   2.61285787107559e+00  -2.45027039845725e-01  -3.92561722227802e-01  -2.01183751227894e+00   4.50150948624199e-01  -1.25440899474763e+00  -9.40688921098439e-01   3.61477277828045e+00   1.96440144965994e+00  -1.13976050008633e+00   1.04297353701555e+00   2.04138728114347e+00   1.18008330937336e-04   1.06193733203187e+00  -6.07322343526297e-01  -3.68910412885199e+00   4.53287008500210e+00  -2.10650485673861e+00
   9.57878141492667e-01   1.18887920221659e+00   4.70287108475878e+00  -3.23956915335164e+00  -2.78375952908927e+00   2.74038432633405e+00   5.22499464367750e+00   3.21334948473636e+00   1.22203138562371e+00  -3.20007070214704e+00  -1.42685491154540e+00  -1.09761654203768e+00  -7.06360402902296e-02  -8.76926905714902e-01  -1.91984635656642e+00  -6.23365164166888e+00   1.68394703572289e+00  -2.64855630449853e+00  -5.32951268322417e-02  -4.28396333457900e+00
   6.43175925361779e-01  -2.15880445096910e+00   4.83622450969086e+00   1.72924100052325e+00   1.55467563348354e+00   1.29459735406612e+00   2.71817443378604e+00   3.06286943066300e+00   8.51396272240885e-01   5.15072689228137e+00  -3.86280358828105e-01  -2.39276882052828e+00   2.18555947546313e+00  -2.83176779944116e+00   2.01304870006978e+00   9.77703273534141e-01  -2.71978126309175e+00  -8.60802762677206e-01   9.46205889522386e-01   9.79347341801623e-01
   1.05055130346420e+00   1.71790610165880e+00  -1.66256844099288e-01   3.81737699768019e+00   1.70752734091364e+00   5.27668641338425e-01  -2.32805524556848e+00  -2.22567617760247e-01  -1.62330422823712e+00  -2.26988436688190e+00   5.31790352325599e+00   7.45390025965934e+00  -2.10108991126691e+00   8.16798082717202e-01   1.14920517696640e+00  -5.22978191427339e+00  -2.53297659787592e+00   3.11138719001431e-01   1.32441590650996e+00  -1.96241449980376e+00
   2.14056450450017e+00  -3.75191335704295e-01  -3.99823195748904e-01   9.36477222851778e-01   5.15841410458890e-01   1.37902616239329e+00  -2.52443147665197e+00  -1.37113114860716e+00   1.27257282126571e+00  -2.43645186490483e+00  -4.55768202501531e+00   3.60126025393895e+00   4.64362994722140e-01   9.55431564724187e-01   2.90063002472264e+00  -4.06949757338631e+00   2.93425565253546e-01  -3.22972066657297e+00   1.19670510900814e+00   1.13269952887002e+01
   4.12091725669552e+00  -1.29241659207695e+00   2.78023424769151e+00   2.77860227267905e+00  -2.55457244314848e+00  -3.30565598696562e-04  -7.61559193366550e+00   4.12129672782002e-03   2.08038310753740e+00  -1.74086295412373e+00  -2.19797822500641e+00  -9.96916670703570e-01   7.92271712639235e-01   5.80671621401085e+00  -9.87185530395154e-02  -1.36896911913202e+00   1.24204621927536e+00   2.19414240272195e+00   1.36481337285348e+00   2.94684772332833e+00
   4.40300005166992e+00  -2.10481266051316e-01  -1.27502623012275e+00   4.35714888665239e+00  -2.41503479418967e+00  -1.18942294506218e+00  -2.20858294818820e+00  -2.37284997226728e+00   3.40312531914573e+00   4.08626420841174e+00  -3.07923544100108e+00   2.73871979586116e+00  -3.45511187309216e+00   2.67996998091707e+00  -2.17822957157764e+00   9.07825970621503e-01  -2.38491815345043e+00   6.22440766060355e-01   9.11346779973858e-01  -5.62298198354026e-01
  -1.97117229456352e-01  -5.00244795921516e+00  -2.86935934195654e-01  -5.83734404545520e+00   1.34647513240953e-01  -8.95074175507879e-01  -3.33552109733367e-01   2.68198394789003e+00   2.03692265972423e-01  -2.92305111288386e+00   2.04013127926520e-02  -8.73181543990063e-02  -4.46152339995263e-01   2.63881062314263e+00  -2.69735193031431e+00  -5.59953275217025e-01  -7.10678326831454e+00   4.70582691259373e-01  -1.04887271851984e+00  -8.14034918904308e-01
  -3.65105922665230e-01  -1.10946006427347e+00   1.72162061422797e-01  -4.01045076518070e+00  -7.13689009433113e-02  -5.04267339014603e-01   4.02176735660567e-01  -1.11871611357537e+00  -2.99833891448557e+00  -4.86359611968016e-02  -1.71471580535109e+00  -6.14396663768064e+00  -8.51945928982160e-01  -3.40537808547060e-01  -2.83291299076267e+00  -3.04500715619231e+00   5.45565020331056e-01   2.75889675379607e+00  -2.39199172695254e+00   4.17587447509127e-01
  -1.94082722900246e+00   9.60907244251395e-01   3.23228139826793e+00   1.21402839153520e+00   1.65324388186547e+00  -2.73240658160976e+00   8.44713220649508e-01  -3.38120342031763e+00  -1.79306985047486e+00   3.24860294390710e+00  -1.66658657791305e+00  -3.73929185859868e+00   1.32911295160006e+00   1.68501192586603e-01  -1.82443978167736e+00  -1.87881123315935e-01  -1.97630708372595e-01   6.26862559850625e+00   1.35398421672362e+00  -1.63524707198499e+00
  -1.75051220967809e+00   4.32033543769477e-01   6.67024722275764e+00  -2.21069598086425e-02  -1.90798691821335e-01  -7.43262657381249e-01  -2.20410306663618e+00  -2.64035119098697e+00  -1.42624939214961e+00   2.93154051182543e+00   1.24005327240026e+00  -4.58967402553283e+00   7.19892917372822e-01  -1.08220154539691e+00   1.08028126584956e+00   2.84896476348258e+00   7.51398955115113e-01   1.96056148692650e+00  -3.22825405866204e+00  -3.00971498403630e+00
   6.98590581885377e+00   2.43007659648359e-01   3.64535736695365e+00  -2.30053715743438e+00  -1.20280860133816e+00   9.02888066194597e-02   1.55184902576046e+00   8.33994988459515e-01   1.65636229297490e-01   1.52681806276860e+00  -8.48941110034842e-01  -3.89837707549551e+00  -2.78344926994982e+00  -2.33201374025545e+00   2.48406631928089e+00   1.26186521538673e+00  -2.29539658279841e+00  -2.98671699615934e-01   5.61762917937818e-01  -4.14028189613048e+00
   1.09862182395661e+00   3.91655560430436e-01   1.30166231557968e+00  -1.06911310360561e+00   6.76252401702379e+00  -7.69101318345226e+00   8.27158360201380e-01   5.38336969641823e+00  -8.72133653618580e-01   3.78806343605666e+00  -1.04088199381761e+00   6.36194604516314e+00  -3.35033611978398e+00  -1.86732951975457e+00  -4.89960836992486e+00  -1.48444601297637e+00  -2.75218187524630e+00   3.66390231823239e+00  -4.92789570514942e-01   1.30832975414542e+00
   2.62228159829263e+00  -1.70301342407031e+00  -1.06613991326769e-01  -2.48348073252499e+00   2.18412254812261e+00   9.47476875482800e-01  -1.37373110148473e+00   2.67356071761759e+00   3.43260520829062e-01   3.58319593384567e+00  -1.98051853932362e+00  -1.39964925145814e+00  -3.72760258748086e+00  -3.31206806486525e+00   3.96769133973661e+00   9.79102404932345e-01   2.89227616521596e+00   4.27013359110618e+00   1.85873807514834e+00   1.80700559659008e+00
  -1.72624944994512e-01  -3.04510889485393e-01  -8.13967397009470e-01   7.81805048758641e+00   1.30484208097885e+00  -3.62460148149074e-01  -2.07874524925151e+00  -5.02639183458262e+00  -4.31945761748677e+00  -2.03466267796077e+00   1.09761792972083e+00   2.46925271042655e+00  -1.51469447782790e+00  -7.58063503879125e+00  -2.16071807504489e+00   9.57539698442071e-01  -2.48822858076654e-02   4.11236049265426e+00  -1.75738915252626e+00  -2.50279292087234e+00
   2.55263372669008e+00  -3.92065544095127e+00   3.12205853909260e+00  -1.03625549039823e-01   4.79755104194477e+00   8.09512581835507e+00   7.86507261076083e-01  -1.16716897141804e+01   3.71628698907340e+00   1.04172595377718e+00   4.53552149096230e-01  -1.43259791051869e+00   1.83683816537649e-01  -5.48666652884242e-01  -2.64876791251052e+00  -1.43636357551901e+00  -9.30496486034389e-02  -1.02343154763466e+00   1.34471244297091e+00  -7.89559620019802e+00
   8.69718353224266e-01  -1.88519607384882e+00   1.53978172913039e+00   7.56918441226918e+00   8.09255574089333e+00  -2.39886656817733e+00  -2.43059258186758e+00   6.61556173003592e-01  -9.05608373237909e-01   3.09228277872469e+00   2.40941335494408e+00   2.68949466847328e+00   7.68742269425312e-02  -1.83118588831082e+00  -1.58072169981046e+00  -4.63269333723589e+00   1.52231443219270e+00  -8.18296848752080e-01  -2.21404884248343e+00  -2.94077485565214e-01
  -1.62084872698382e+00   9.91722015472068e-01  -2.12978907222668e+00  -1.07594005865134e+00  -4.59417062703660e-02   9.54060888845004e-01   1.08176849699285e+00  -9.39448114719928e-01   4.95947775438391e-01   2.17016621690275e+00  -1.91491413573320e+00  -6.62154998948753e-01   1.13893614280450e+00  -1.71069488301240e+00  -4.30897007814876e+00   8.00499023021711e-01  -2.84268243211588e+00   7.70075493373253e-01   1.12814989511490e+00   6.45700549784345e-01
