ARMA_MAT_TXT_FN008
81 2
  -1.64629067674658e+00  -1.44528997722491e+00
   7.29552547964838e-01   2.15378999990149e+00
  -9.37070973752424e-01  -2.91561985274641e+00
  -8.50242157937710e-01  -2.92275044622890e+00
  -3.77010054843840e+00   6.52785938217378e-01
   6.38221644886364e-01   5.43512400687651e+00
  -8.07220424586270e-01   1.53870735967006e+00
   1.50236233915730e+00   4.47993933833856e+00
   2.70614729825632e+00  -9.29271795616163e-01
   5.56786213077733e-01  -2.26993287611388e+00
   5.04253517661921e+00   2.69047658687614e+00
  -3.00519130050453e+00  -3.88385409484512e-02
   1.53972717418346e+00  -5.72745861595651e-01
   1.21877921584514e+00  -6.18830776388317e+00
  -2.25015781224719e+00   3.78810955638258e+00
   3.62809582601280e+00   1.35288552697881e+00
  -6.35749400802010e-01   5.78007300625453e-01
  -1.67440637619042e+00   2.54283081345370e+00
  -1.12740554680265e+00   2.94682600314718e+00
   8.93056668937531e-01  -8.60889638870076e-02
  -1.14578580241525e+00   1.85625889503786e+00
   1.61577937879210e+00  -3.48591598581311e+00
  -2.48669097045237e+00  -3.56008823707798e+00
  -7.63887769929082e-01   9.61439637769343e-02
  -1.47510661562356e+00   2.71561622671289e+00
   4.55066876091326e-03   3.69229067319842e+00
  -1.65318966927342e+00   3.36828636837439e-01
   1.29347639484928e+00   2.86371228309757e+00
   1.09906199918594e+00   2.17744982540960e+00
   5.58922423944484e+00   2.38930625660761e+00
  -8.69262620024647e-02  -4.13370571992049e-02
  -7.28941027615648e+00  -2.69299980226538e+00
  -4.13761925660480e+00   1.27548979135423e+00
  -1.70779513040656e+00   3.82558136219068e+00
   3.36609046286366e+00  -2.82880681966384e+00
  -1.33049449048490e+00   2.03737212659783e-01
  -1.54398970498121e+00  -3.36066662435526e+00
   1.93813274098630e+00  -7.73202091398388e-01
   1.45953672291788e-01   4.90811520642197e+00
  -1.51510347342292e+00   5.29593617804090e+00
   2.44189602594003e+00  -2.74500562457788e+00
   4.79181686914354e-01  -2.94893202687841e+00
  -4.58386095438639e-01   1.82567921946253e+00
  -5.88826198502270e+00  -2.00786199034858e+00
  -2.37708332896005e+00  -7.48332054946248e-01
   3.27353169260586e+00   6.26956046768936e+00
   2.01700458394140e-01   3.48411965448584e+00
  -2.77269918375708e-01  -2.60367470433654e+00
   5.86644096835292e+00  -1.27697240316950e+00
   1.05490601163323e+00  -5.44532301884883e-01
   5.16698919457992e+00   1.40328665894645e+00
  -2.27524217390885e+00   3.61040807965673e+00
  -1.49920535084499e+00  -4.92808551010713e+00
  -2.26938894433833e+00   2.61947930597362e+00
  -2.40659601327632e+00   1.94822745508799e+00
  -2.95934303209943e+00  -1.29711548102021e+00
  -4.08020683036787e+00   1.75546695397590e+00
  -6.61252955487241e+00  -1.06139170601235e+00
  -1.04944254448348e+00  -6.99915271468470e-01
   2.81217274744560e+00   1.10812789142172e-01
   5.37017945864420e-01   1.74008505280975e+00
   3.79310377104373e+00   1.93694326332618e+00
   3.41448923059287e+00   1.45015900119431e+00
  -4.97541313652056e+00  -1.07755299272820e+00
   2.20239737514710e+00   4.36942602217024e+00
   6.89606739443858e-01  -3.07057542646492e+00
   4.38684174746649e+00   2.64944368713759e+00
   2.04802156378193e+00   2.36359066054273e+00
  -2.60070369129565e+00  -1.63291041104650e+00
   3.79993009534990e+00   2.75837419617460e+00
   4.92263640972747e-01   1.83162553948671e+00
   1.60391800134377e+00   2.35326521992520e+00
   9.72676779781362e-01   1.25647231552150e-01
  -3.51192287045156e+00   1.65379105551610e+00
  -4.77214589351321e+00  -2.34271865782914e+00
  -1.91371029509982e+00  -1.73865089878180e+00
   1.49214380761346e+00   1.96853460885777e+00
  -1.72919332741051e+00  -2.38391486645516e+00
   6.69826763049725e-01   2.94925025761930e-01
  -1.22319221368179e+00   5.50131338315265e+00
  -7.40157862460139e-01  -4.60925052261132e+00
