ARMA_MAT_TXT_FN008
21 10
  -9.99685877180122e-01  -6.22227122122906e-01  -8.06348855088515e-01   2.61257405038980e+00   2.71187671188797e-01  -7.09625940179597e-01   2.06169256937902e+00   1.53203044540608e+00  -2.04078378846788e-01   3.88932211941759e-01
  -1.54293212931017e-01  -4.44325325419770e-01  -1.10625043332675e+00   1.56678145956247e+00  -1.93476009875274e+00   2.05938520212690e+00  -3.28739701757993e-01  -7.20212297472984e-01  -1.90396651661413e-01   5.03316725377895e-03
   9.08886622178166e-01   1.66113797488020e+00  -1.09173682537927e+00   2.96110821762188e+00  -1.31116034965870e+00  -1.30373434300489e+00   2.02520070160077e-01  -6.93192710365132e-01  -1.11130472452131e-01  -5.51873572571917e-01
  -6.49036974714756e-01  -3.98683926091928e-01  -4.54274177572424e-01  -1.07234592380058e+00   2.95696660806103e+00   1.93265406915244e-01   2.45744471376995e-02  -5.13987562631415e-01  -1.07121806700046e-01   1.60754155794149e+00
   4.84107748309277e-01  -1.48701455132249e+00  -5.02026839519052e-01  -1.88584643617080e+00  -1.97087654493797e+00  -2.67896526666218e+00  -1.05282521937040e+00   4.98307820588195e-01   2.06580398434067e+00  -4.38687364678318e-01
   3.73726984320853e-01  -1.48851927259825e+00   1.91185828762475e+00   2.84724466076110e+00  -4.02549201236090e-01   8.07296518452196e-01  -4.15653785035576e-02  -5.19489051512628e-01   5.39600811027407e-01   1.08025565394261e+00
  -4.93900545796018e-02   1.47219729303297e-01  -1.44324816079007e+00  -1.87932049104114e+00   3.52438212007573e+00   1.92269248490576e-01  -8.48815508442029e-01  -1.35551633829990e+00  -1.97045512205700e+00  -6.01100760412695e-01
   2.28944353268231e+00  -6.21695211017747e-01  -4.42964810107072e-01  -7.85685934608968e-02  -1.09707859876371e+00   2.21278468687711e+00  -2.85989921501497e+00   2.30441973349231e+00  -3.96672334838965e-01  -3.39758300999693e+00
   1.44721222986688e-01  -4.09476203439556e-01  -1.99468701256052e+00   5.71367689339431e+00  -3.83466199033797e-01   8.89996745196125e-01   1.91833496858278e+00   3.06461386873857e-01  -1.99382590705567e+00   4.58677233222442e-01
  -5.76781796184562e-01   1.63726639158953e+00   4.96110236494685e-01   8.28703347217022e-01   1.41889041270636e+00  -1.70902367082799e-01   5.21592569959800e-01   5.76634706497938e-01   2.89589350970486e+00   1.64981936384260e-01
   7.82561736975150e-01   1.17415444267623e+00  -5.98708489785994e-01   1.33345423680626e+00   1.92234357823404e-01  -5.39830606301344e-01   2.10963658973376e+00  -1.32865967320835e+00  -1.02389760007048e-03   2.27554205235763e-01
  -7.82779585415754e-01   6.28123012069850e-01   8.01934064850486e-01   1.21294220344999e+00  -2.53428677771714e-01  -1.38511675152929e+00   1.50077316393352e+00  -1.13905200094472e+00   9.71116088253596e-01  -1.48632162727506e+00
  -1.65587324347595e+00   1.07975443783002e+00   2.10833875225978e-01  -1.20187754862224e+00   8.03542503779824e-01  -1.59835359703000e-01   1.60499696217298e+00   9.31695892929290e-01   5.03029312279119e-03  -1.37245073336908e+00
   5.03069943767246e-01   3.17281783672155e+00  -1.31451822918386e-01  -3.53672026686425e-01   2.39236583460029e+00   7.49052680072809e-01   8.38218355573059e-01  -1.29057820092449e+00  -1.70794525872622e+00  -2.66999860076051e+00
   1.57694857505659e+00   1.10645670109798e-02   1.62459925858132e+00  -2.53171832302803e+00   9.09691909933672e-01   3.24191801452330e-01   2.27900660125040e+00  -1.83182577913195e+00  -1.13755424392508e-01  -1.94319157739914e-02
   9.98435503843335e-01   1.56532828097474e+00  -2.97569136720967e-01   1.19920403955693e+00  -1.49197365374098e+00  -9.88346479178795e-01  -3.34732464214933e-01   3.41105066346538e-01   3.10388042240028e+00  -2.08732234517268e-01
   1.08900759126994e-01  -9.82898608343113e-01  -1.10333029549273e+00   3.99030153225533e-01  -6.76370648357046e-01   9.40766973238770e-01  -6.98277503189703e-01  -8.61331625961356e-01   8.65683062374266e-02   2.60974941735997e+00
   1.51202812557252e+00   8.50353904923867e-02  -9.21959362823059e-01   3.95939008812636e-01  -9.30070330054574e-01  -5.84504186917531e-01  -4.51838259564060e-01   9.98232583412582e-02   1.46452675290650e+00   1.39545687814455e+00
  -8.65992520853648e-01   1.40537541262922e+00  -1.00568332234901e-01   1.58035426461049e+00   3.07077504173683e-01  -2.21103188544591e+00   3.04628121697431e+00   2.10369149668469e+00   5.47681830919699e-01  -1.11935190854715e+00
   1.13490356805189e+00  -1.35481581961948e+00  -5.06739491993229e-01  -1.19308605672681e+00  -3.59758786346438e-01   8.79934881980285e-02  -2.33645141523357e+00  -1.15611092258227e+00  -4.73860510362730e-01  -2.17536812198240e+00
   9.76028799612019e-01   5.42720328305251e-01   1.23610406301165e+00  -1.58024072448503e+00  -1.11851473043825e+00   1.63674161332142e+00   7.70460209039325e-01   6.27717195116514e-01   9.01622490696890e-01   1.95123971892839e+00
