ARMA_MAT_TXT_FN008
41 20
   1.51697691430937e+00   2.13282912061417e+00  -1.00632051454807e+00   5.13620240267489e-01  -7.85339447769239e-01   8.13977461769753e-01   5.21342467024195e-01   9.67379843740943e-02  -1.08042431564752e+00  -1.39023659655683e-01   1.40484179787997e+00   4.85560341441766e-01  -5.59147702640385e-01  -1.95738120683574e-01  -3.52310977741044e-01  -1.62713191142637e+00   1.06925254993121e+00   3.27555708599288e-01  -4.23873422012790e-01  -1.12131602989989e+00
   1.68672127654515e+00   5.05378054419648e-02   9.70860618558764e-01   1.71848050426813e+00  -1.41004543110470e+00  -5.09282344065691e-02  -1.39694593162514e+00  -1.54798581355045e+00  -1.10940745462402e+00   3.64975451713371e+00   2.51117843439592e+00  -1.58303589496945e+00  -3.12074322770191e-01  -4.72473460405471e+00  -8.31817791690173e-01   4.26924271485358e+00  -4.03343096059700e-01   1.25933719619483e+00   2.25661083319836e+00   7.18964059762627e-01
  -2.35071699461207e-01  -2.86898982986800e-01   3.25681681545916e+00   5.30705409693754e-01  -3.37260805821145e+00   3.51841467212844e+00  -2.26866305285519e+00   2.07590510681481e+00  -3.47722407157361e+00   9.96492255485944e-01  -2.79310303138200e-01   8.10408340793800e-01   2.40067671808686e+00  -1.30314815583934e+00  -9.24068350890144e-01  -4.97850478054274e+00   4.17932236740111e-01  -3.98718076097650e+00   7.66463763321711e-01  -1.48151800621840e+00
   3.53544629403834e+00  -1.69769904068140e+00   4.85612464964850e+00  -4.62254830202318e-01   3.05556642467231e+00  -5.00408833648782e-01   3.97079189603424e+00   5.77701202772542e-02  -3.20596401636553e+00   3.39492775468354e+00  -1.95595242364625e+00   1.32195407767627e+00  -2.22051027328267e+00   8.91742492906561e-01   2.56271465374127e-02  -1.46830534261150e+00   8.22050884472795e-01  -1.85262940923611e-01  -1.02067695511823e-01   3.51717919194960e+00
  -2.31581055554329e+00   2.33977581369393e+00  -1.59554301638886e+00   7.68957637860710e-01   5.13243155987610e+00  -5.60500678015716e-02  -8.95122935679377e-01   2.64844586593748e+00   2.25114893639619e+00   7.43954122991587e-01   2.35235989880927e+00  -1.23139840510520e+00   5.82832443682643e+00  -3.60873061302496e-01  -7.75936701643810e+00  -2.07226515516043e+00  -3.79550881230005e+00   5.07851057995130e-01   4.60321221627077e+00  -4.10967422935507e+00
   5.53863399721407e-01  -4.50113954141836e+00  -1.13282342489102e+00   1.51385711398595e+00  -7.88235172441753e-01   1.29910483743133e+00  -3.33022384292429e-01  -2.38264201798436e+00   1.07618160008768e+00   5.42173515058101e-01   1.77134342786310e+00   4.52756327037499e+00   8.23553175530527e-01  -1.45787303172301e+00   9.35210745623485e-01   2.85941157914429e+00   2.06480034243058e+00   1.08803155365515e+00   2.75957109395100e+00   5.19604310792555e-01
   5.58858810968271e+00  -7.83602964833191e-01   1.08434769836390e+00  -1.93069952519813e+00  -1.35750037944784e+00   1.58760449416434e+00  -4.68599958145641e+00  -3.13508458814366e+00  -6.66738552077362e-01  -2.56186912428811e+00  -9.17020488725855e-01  -2.30561045293031e+00  -4.44701701919078e-01   3.66073238329389e-01   1.42661258379422e-01   2.36340886447181e+00   1.17038020090044e+00   4.98009612999519e-01  -2.36144091936651e+00  -2.14162081783317e+00
  -1.21217784063963e-01  -2.75006446727280e+00   1.49649353291243e+00  -3.88474980839141e+00  -2.64255879562894e-01   3.09446937270334e+00  -2.80468470787425e+00   9.30416591231680e-02   2.66008241695484e+00  -1.91002149439592e+00   3.72386961365417e+00  -2.07046780464420e+00  -1.34385871480290e+00  -2.47784948924618e+00  -4.00220421347357e+00   1.78485997029231e+00   1.19908768010245e+00  -2.02120658185198e+00  -1.02099611579228e-01  -4.03671588870317e+00
  -8.48004216302829e-02  -3.98647502881971e+00  -3.51425859499055e+00   5.74637561723849e+00  -1.51727160353228e+00  -1.28796619784737e+00   3.22172934428789e+00  -3.22536510297259e+00  -2.24135014326979e+00   3.59039720499711e+00  -5.02672377923658e+00  -1.22418789006160e-01   1.10092676831815e+00  -3.14809271369493e+00  -1.40934898209528e+00  -1.92213150242411e+00   5.50703392201122e-01  -1.98614250407766e+00   8.14483693507287e-01   3.91504926552819e+00
   2.85158817031428e+00  -2.36812805206838e+00   2.77434710902724e+00   1.89433487772217e+00  -5.73198724065143e-01   4.39826226958376e+00   7.05303825267946e+00  -3.48047747887124e+00  -6.31109830878913e-01  -2.11416150087124e+00  -1.30566251797463e+00  -1.28241151884049e+00  -1.46082663042895e-01  -2.76698041055194e+00   3.91066401468023e+00  -7.05946912836272e-02  -3.15736294240011e-01   2.02955062496479e+00  -2.99416164809976e-01  -6.07888656439835e+00
   1.21597537556735e+00  -2.58079281987721e+00  -1.82711704293739e+00   1.22450716679220e+00  -3.62819800638214e-01   1.47219477077632e+00   3.84437636442127e+00   1.11506485659137e-01   2.88125289144284e+00   2.21157268563959e+00   2.63156220783499e-01   3.33570990441899e+00  -2.86993800659082e+00  -5.51356327341876e+00  -5.15809803864333e+00  -1.11662393299428e+00   5.43264696516121e+00   6.71742297590747e+00   1.33710964556014e+00   2.79228932715688e+00
  -1.65278494258291e+00   4.44108302410702e-02  -1.40363355826976e+00  -3.07334178666041e+00  -5.64249185556069e-01  -4.39678465825240e+00  -1.21573027513375e-02   2.08657946940053e-01   9.13513233618811e-01  -6.49010717892950e-01   5.15295581161027e+00  -1.55254321365145e+00  -8.82168631342371e-01  -3.25300120218671e+00   2.32756869804102e+00  -1.01543531676987e+00  -1.30980789917328e+00  -8.67956185168169e-01   7.45339133781257e-01   6.24918958248434e+00
   3.76424826345304e-01  -1.98077134666611e+00   2.93716128051593e-01  -1.13648307795009e+00   1.96855837155753e+00   2.48353261861022e+00   3.37834278234822e-01  -3.89658963280226e+00   3.24537867143127e-01   3.92219797994374e+00  -1.89250868282164e+00   5.59824215297153e-01   1.13448877713075e+00   2.07919936684662e+00   3.57157867133054e+00   9.50107756411659e-01  -4.35517463650847e-02   2.44033509742778e+00   2.97885876163282e-01   3.83639730205704e+00
  -5.67242869628578e-01  -2.13404267122804e+00   1.38193169639520e+00  -1.07015697818405e+00   2.80349417901890e+00   6.56885520065984e-01  -2.66510639894892e+00  -2.34392561218478e+00   4.94259685467663e-02   1.68676984281203e+00   4.53535716836775e+00   4.20528028232950e+00  -6.12507591182213e-01  -5.93376619898611e-01  -2.08711457414131e+00   1.49722272291916e+00   2.82901149769665e-01  -1.19493359066210e+00   1.54483479588052e+00   9.74483425244013e-02
   1.12790213918109e+00   2.36774512118668e-01  -2.75074837813274e-02  -1.83735923540924e+00  -7.05291881633942e-01  -2.42174730879004e+00   2.17265340897049e+00  -9.01317939404903e-01   3.42076942977492e+00  -1.15109466369378e+00  -9.95816545078851e-02   3.57196807320172e+00  -1.64316999293376e+00   3.05178226392538e+00   3.53963297492314e-01  -5.91319243120454e-01   2.43714821223248e+00   2.06187465140253e+00   2.05020136696092e+00   3.77268579549771e+00
  -1.10387726728581e+00   2.72239653295165e+00  -2.34313824620278e+00   1.94091962677679e+00   8.59791917578480e-01  -2.36566955148579e+00  -1.10128453433685e+00   1.46704772290916e+00  -1.60373130388500e+00   3.19362252100535e-01   7.91228878758617e-01   2.05546130260987e+00  -3.51540607815987e+00   4.10530597232042e+00  -5.05715601833771e+00   2.87855599282480e-01  -6.31568037743481e+00   2.31645234322933e+00   3.39505051923840e+00  -9.08592723808479e-01
   9.95554080727634e-02   5.43873418358529e+00   6.89334825426002e-01   1.09229381147282e+00   1.87515213056602e+00  -1.24175956875067e-01  -2.11975706021139e+00   2.34850699123262e+00  -5.40028515703347e+00  -1.65846063117057e+00  -2.05805284430519e+00  -1.92490494353424e+00  -4.42118235524838e+00   8.07086003607365e-02   1.12167311576267e+00   9.11219186733427e-01  -4.86661527278525e-01  -1.00684415700402e+00   1.05284443024184e+00  -1.48162767876378e-01
   2.84910149574465e+00  -2.92219935545843e+00  -3.17319209636509e+00  -1.27101630404513e-01  -1.21420169167907e+00  -2.43564564944564e+00   3.62164617056204e+00  -1.12648584317916e+00   8.26009389763609e+00   1.90817562631091e+00   1.84002816479808e+00   1.93300729848750e+00  -2.22758579561269e-02  -1.49507361187259e+00   3.69324583732541e+00   1.65933541497270e-01  -2.42193963463469e+00   9.81672993303887e-01  -1.90520833411920e+00  -5.73607789069346e+00
  -2.17688552460731e+00  -1.42470311266492e+00  -1.41203911563943e-01   3.09754726866713e+00  -2.34844042183139e+00  -2.27775295500778e+00  -3.49883155164000e+00  -1.55578447566698e+00  -5.63569720075505e-01  -1.01115660843122e+00   3.18918419976650e+00   1.42362829941945e+00  -6.75574071207300e+00   3.81840425866926e+00   3.55903345629204e+00  -1.36759379740193e+00  -1.30504941432545e-01   4.46080596326304e+00  -1.70572400212302e+00  -2.86782886495251e-01
   1.57016748706339e+00  -1.42662874935896e+00  -2.64834847850827e-01   5.11805083493013e-01   8.83785360376087e-01  -3.77005189937620e+00  -3.38908353282377e+00   2.58479938266232e+00   5.25866000492528e-01   2.84319788886523e+00   2.90466064507330e+00  -6.72550129098536e+00  -4.51572323698135e+00  -1.01017655190436e+00  -4.05157743801213e+00  -2.61037646358488e+00   3.78040654098131e-01   1.06490353376015e-01  -3.57305465513569e-01   2.38978436383259e+00
  -9.45659902419076e-01  -2.60199213896324e+00  -9.57121596488842e-01  -3.62197518901135e+00   3.09781497243391e+00   3.10425308377159e+00  -2.91212130369247e+00  -7.52999325712835e+00  -3.56267000364354e-01   3.51222574416289e+00  -1.36849822479106e-01  -6.72535553913058e-02   4.01263310262760e-01   4.84039602596596e-01   4.34760178866267e-01   1.46774448165508e+00   3.50995040349998e+00   1.80563675067296e+00   6.98144559884948e-01  -4.76870379817061e+00
   2.55354952782237e+00  -2.68208204553364e+00   7.77560369662498e-01  -2.57155083204120e-01   5.67115644987969e+00  -2.98069155268561e+00   1.14339511740980e+00   6.08198999099738e+00   4.27601322356985e+00  -3.64245139882192e+00   1.37870483172791e+00   5.07888096599667e-02  -2.33989871209473e+00   1.14122255496510e+00  -1.89134918860195e-01  -5.87228612384428e+00  -3.37651939566257e+00   2.67891648503840e+00   4.29590313131187e+00   5.36326814771043e-01
   4.10473242901956e+00   1.43750510328345e+00   2.42144069560157e+00  -4.15609899757242e+00   3.92944325344447e-01  -3.96293026476165e+00  -1.51303024930349e+00   2.43814106769139e-01  -1.93566569047900e+00  -5.89640794364409e-01   3.60397634645008e-01   1.06579197612762e+00  -2.78651548486360e+00  -1.18080367202525e+00   3.20784756412984e+00  -9.25682215945017e+00  -5.68403808290634e+00  -1.26127265838050e+00  -1.45857332082934e+00   1.87257692681402e+00
  -2.49298723286477e+00   7.97604418687344e+00   1.20128684882496e+00   2.06935760468491e+00   1.14415996994081e+00  -3.71081259182142e-02   2.38711230421513e+00   1.29111396163263e+00  -1.86663900258043e+00   1.79972082211608e+00  -1.88393593086747e+00  -1.79201448583216e+00  -3.71140574612451e+00   3.32454124773939e-01  -3.35925221831563e+00  -2.58737185941670e-01   9.22142148856491e-01   4.22332732141784e-03   1.72543453367367e+00   1.26331649663496e+00
   2.49420334797161e+00   6.37063917183745e-01  -1.85308615069283e+00  -5.88467226574069e-01  -1.23366309236440e+00   1.88528087782438e+00   1.82318513818721e+00   2.44632093599957e+00  -5.69700134430930e-01  -3.29656430317601e-01   5.34865301075885e+00   1.22965000445046e+00   4.55217252581317e-01   1.67910017102081e+00   3.42054353914419e+00  -1.03705365388683e+00  -6.68023570871393e+00   3.73396131989332e-01  -5.63010397179786e-01  -4.08454604022148e+00
  -9.94136476772606e-01  -1.93197697610252e-01  -2.57251993004644e+00  -5.06144310456447e+00   1.32275071346944e+00   4.42571521444074e+00   2.80394033156378e+00   3.91868746323478e+00  -1.08297516188133e+00   1.60869312253747e+00  -3.56015146931588e+00   1.03561119728665e-01   3.80266073076746e+00  -6.82845806861456e-01   6.58081945895779e-03  -8.07753003381804e+00   4.69112006583190e+00   1.05473036041888e+00   1.41189154011612e+00   2.75569928425805e+00
   6.12376794150838e-01  -2.05326688735977e+00  -1.50545249878149e+00  -1.45963245092721e+00  -6.46971033634065e-01  -2.53230740956004e+00   1.62368001177736e+00  -1.53388108984759e+00   1.45876176907937e+00  -2.56136069483808e+00  -2.64536541210761e+00  -1.86892823549615e+00  -7.26734064615968e-01  -1.41086629331226e+00  -1.50684711332333e+00   6.37353700755029e+00  -4.06218218000989e-01  -1.82193145674004e+00   1.08184337403993e+00   5.49759750100622e-01
   5.25127554498998e+00  -9.55614520459042e-01   1.00981001826876e+00  -4.36998596812372e+00  -2.31532653866883e+00   1.67293397104695e-01   5.28885803948684e+00  -8.79659482431755e-01   4.74491255538231e+00   4.10669748527902e+00  -2.89560962344706e+00   5.95278166729680e-01   1.02028591670236e+00  -2.72470995433665e-01   9.04351829170182e-01   8.20081000194708e-02   1.31735848693499e+00   2.64042664933079e-01  -4.79692588521581e+00   1.51014685002787e+00
   1.72427111178750e+00  -2.02475308832487e+00  -2.48363144777094e+00   5.56389282216300e-02   2.20569464489227e-01   3.34774532942440e+00  -9.86413921699991e-01  -2.14368472610935e-01  -1.00601360801578e+00  -2.90693545067644e+00   4.07112810122986e+00   2.00414008228459e+00   4.75872421523929e+00   1.01180393011032e+00   2.22367175551383e+00  -2.38222295499233e+00  -9.20756068310231e-01  -8.46122411200505e-01  -2.25207833807649e+00  -3.74870031386287e+00
  -2.19274707563743e+00  -1.07185470353156e+00  -1.50490097098613e+00  -1.86370032879693e-01  -5.38593396282970e-01   2.06056855312696e+00  -2.42477875254397e+00  -1.87291605856604e+00   2.84533144827886e+00   2.25367047757327e+00   7.90222005551622e-01  -2.87463852223505e+00  -3.82901849586829e+00   1.76522195084998e+00   2.04997440761300e-01   1.48616554918421e+00   2.90409432099310e+00  -2.77263578309073e+00  -2.21116898957297e+00   4.37153343375109e+00
   4.77827453917803e-01  -5.38556745049475e+00  -3.46695032196863e+00   3.42063304235132e+00   3.04891061011613e+00  -3.39860786292645e+00  -1.11125737280277e+00  -3.80371140356613e+00   6.49262209588220e+00   2.47901467128648e+00   6.62855245140688e-02   6.02068535005352e-01   6.67333601491862e-01   2.92505472103322e-01   3.53816022366339e-01  -1.28479516349849e+00   1.80665566782884e+00  -1.63514720476561e+00  -5.07234013402651e+00  -2.15500159741365e+00
  -1.84747141791124e+00  -4.48304342875012e+00  -3.97995654118627e+00   3.80248821117679e+00  -1.84551597200383e+00  -3.25498385533387e+00  -3.38424920454186e-01   3.28556059679120e-01  -3.83239622184218e-01  -1.06480275772949e+00  -5.10387908696671e+00  -3.37797017149443e+00  -2.98241817214753e+00   3.46410718092624e+00   2.74711481567387e+00   3.48755163811309e-01   1.58968402201914e+00   1.60693326044301e+00   1.19637007547539e+00   5.73363117566508e+00
  -2.47677780840610e+00   3.03805572501902e+00   3.54593180558743e+00   2.82575499973007e-01   3.09875756381953e+00   1.07853136416130e+00   9.24819988074831e-01   5.57857937314842e+00   2.81349303468764e+00   7.66195317553151e-01  -2.22525958469360e+00  -3.31313104041961e-01  -1.33392780490743e+00  -1.44443129161018e+00   1.28989861470972e+00  -2.11633131691619e+00   1.06190432220903e+00  -7.11012425337569e-02  -7.20607661635830e+00   1.83277342481769e+00
  -1.86969459778645e+00   1.97398318813904e+00   3.69873839279612e+00   3.10943058418422e+00   1.33268832435620e+00   3.12759410148139e-01   9.80965500231852e-02   3.94378261244864e-01  -9.25005386316544e-02   2.31450358198323e+00  -3.97490600713515e-02  -1.28145659392257e+00   6.41313667167775e-03   5.79083582837601e+00  -3.14028522757382e+00   3.26670688976481e+00   3.27244288907138e+00  -3.14721412623544e-01   8.11899259337890e-01   3.44220334901290e+00
   2.58680755232902e+00  -1.82671746637348e+00   3.97997021576843e+00  -2.04327823392474e+00   9.31692195759903e-01  -6.04943292121229e+00  -8.32920142716137e-01  -1.60022438185686e+00  -2.28199200719673e-01   7.12267847469642e-01   8.05186091349448e+00   7.48513790118191e+00   6.09989578232150e+00  -1.32637694147447e-01   2.14261915627252e-01  -8.51218841037612e-01  -2.18725965296899e+00  -1.67190921933294e+00   2.02685573684376e+00   1.53410719813179e+00
  -1.20131075661316e+00   2.25887298080690e+00  -1.69373126146953e+00  -3.03665176670941e+00  -1.36435019129100e+00  -4.39642357549330e+00  -2.43185195618650e-02  -2.62151815060994e+00  -2.07543233966319e+00   9.62036180622979e-01  -1.38047960876705e+00   2.45425481767180e+00  -1.38783278429425e+00  -2.30910303713425e+00   2.61438007736474e-01   2.08587644838329e-01  -7.34109917469281e-01   1.19430773141406e+00   1.38523732752739e+00  -1.16834010784133e+00
  -1.75037845669169e+00  -6.69200144335346e-01  -2.48186231035316e+00   6.68731751478395e+00   1.55482824218901e+00   9.48179300583432e-02  -2.23917372099443e+00   3.06167347564014e+00   1.04493164823150e-01  -7.53558663256676e-01   9.97765781573923e-01   6.69768820878702e-01   1.74547470866225e+00  -3.00822824763722e+00   6.47028685731397e-01  -6.51672212936195e+00  -6.34397006380302e+00   4.88232031873475e-02   5.23230825535842e-01  -2.91325284211964e-01
   1.18345407055804e-01   2.42696657922015e+00  -1.58342952661728e+00  -1.31441164714764e+00   3.36737765027001e+00   2.90196918967811e+00  -7.49972219838426e-01   2.50244583744348e+00   1.54146861994894e-01   2.54456535213861e+00  -1.22650825374068e+00  -1.56523924181212e+00   2.66541692861561e-01   7.79810643907896e-01  -9.71948696302888e-01   1.94680975137626e+00  -3.70265067182389e-01  -2.19985528200749e-01  -1.53298930049598e+00   2.74579785808931e+00
  -3.25269962662398e+00  -2.16620237293832e+00   3.31712180875665e+00   3.39906750026610e+00  -5.09448676279462e+00   4.49191344988203e+00   1.17504066707230e-01  -2.21433830781575e+00   2.98167006416975e+00   1.45044651406663e+00   3.37672772708133e+00  -1.30518715315551e+00  -1.24628442564316e+00   1.27851823655549e+00  -7.62527768246877e-01   1.37278462717189e+00   3.33191349298834e+00  -1.77461877564088e+00   3.68614620446978e-01  -2.26330072450384e+00
  -1.19608153367070e+00  -3.59196487950589e+00  -1.65445240708654e+00  -3.38748448109815e+00   5.66934109671784e-01   5.78760776270799e+00   2.41342721003093e-01  -7.17414527275385e-01   8.41832240482945e-01  -2.04080432842508e+00  -2.21830663801553e+00   3.68254851236708e+00   2.40753913223113e+00  -3.67418375760243e+00  -8.02551374970172e-01   3.60166035815617e+00   3.66942797372004e+00   2.89817793464248e+00  -7.99775203021217e-01   1.72329447661222e+00
  -1.34567180867093e+00  -1.79281054791927e+00  -2.49494221719793e+00  -2.10427295762828e+00   8.26906492638942e-01   8.69824739238681e-01  -7.70133039864890e-01  -2.72588447027778e+00  -6.14142903179708e-01   2.48492512490756e+00  -2.25640953065847e+00  -1.74706596507206e+00  -2.26776519574651e+00   2.42370746455183e+00  -4.19229193956450e+00  -1.97468861296776e-01  -1.33183271007125e+00   1.43568724305980e+00  -1.21979351357983e+00   6.74330869646325e-02
