ARMA_MAT_TXT_FN008
11 2
   5.74661354821226e-02   7.59894527984409e-01
  -6.86913130141612e-01  -2.90173299763282e+00
  -2.29299511242867e+00  -2.96781273967274e+00
  -1.74574318958013e+00   1.69904712055680e+00
   8.57886635095226e-01  -2.81549033169057e-01
  -1.53062460599690e+00   3.29110640738872e+00
   4.60010952503267e-01  -2.65051629848391e+00
  -4.42726668171789e-01   3.89399192437542e+00
   1.02389673706263e-01   3.02032311440000e+00
   2.14403800485175e+00   1.67262666977695e+00
  -7.32881525716772e-01   5.40818798625909e+00
