ARMA_MAT_TXT_FN008
11 2
   1.23448950607024e+00   2.17953551788958e-02
  -5.61263504263741e-01  -2.83849107404116e+00
  -1.08776675990757e+00  -1.32613587597774e-02
   3.96865697685119e-01   2.02238757593013e+00
  -1.16770815210409e-01  -2.24758933086473e+00
  -1.79778122803423e-01   1.29488957549394e+00
   3.09008586769052e+00  -2.63000708557983e-01
   1.20280667867802e-01  -2.19835031804044e+00
  -9.96776948337193e-01  -2.71027029848767e-01
  -1.44383315742412e-01   1.45503546015854e+00
   8.98897919299379e-02   8.48635031617222e-01
