ARMA_MAT_TXT_FN008
21 10
  -2.69789112769808e-01  -1.46684554503171e-01   1.37352241900641e+00  -7.98152739314212e-01  -1.07590105721019e+00   8.25409506663201e-01  -6.32223661306173e-02  -9.98321267985346e-01  -2.12207145019070e+00   8.16465983006010e-01
  -1.59289648666006e+00  -1.54522254817794e+00  -2.26910193375675e+00   2.78630748899393e+00  -1.84790338556201e+00  -1.66742636836770e+00  -3.36823603375553e+00  -2.40307692581360e+00   8.26130676520521e-01   3.00105269907385e+00
  -5.00424313279296e+00   4.61297044918093e-01  -5.23512063747603e+00   1.74158151026456e+00   8.89290809052248e-01  -4.79704863819933e+00  -8.87324214468087e-01  -7.07302015612777e+00  -4.43851660799824e-02  -4.07622674427534e+00
  -3.14694978638453e+00  -2.88678977067510e-02   4.92504919949627e+00  -2.68359620966410e+00  -1.91515653268962e+00  -6.27847068536138e+00   4.33100637746464e+00  -5.68410117682107e-01  -5.34125090815031e+00  -3.51544136159323e+00
   4.26086037646459e+00  -3.76881144843233e+00   2.23314039566602e-01  -4.97228663151736e+00  -3.61422861901904e+00  -3.07506703682478e+00  -5.56265747874989e-01   9.42654011656840e-01   6.55134471383642e-01  -1.48570348961330e+00
  -7.59189390462311e-01  -2.23913774009814e+00  -7.07664138469919e-01  -7.24871110434429e+00  -1.47772239922393e+00   3.10300375484195e+00   1.16318743272253e+00  -8.33442277529908e-01   3.00160703985042e+00  -2.41547560800507e-01
   2.95505909773973e+00  -1.58451455649329e+00   5.76446026130713e-01  -5.62082932977480e+00  -4.83416418467283e-01  -2.49345251157927e+00  -5.00825738951246e+00   1.43862156035781e+00  -2.73474947542428e+00   3.18722402514521e+00
   9.50503673210419e-01   9.20799449109447e-01  -4.92401943218952e+00   2.43907645524495e+00   2.00873055405650e+00   5.93475511443494e+00  -1.95406618233041e+00   3.73569783936414e+00   2.16333314529560e+00   3.81445936998434e+00
   3.43065785311877e+00   1.65590044245658e+00  -6.12370116824689e+00  -4.54664386348755e-01   9.59974035193199e-01   2.77134368476336e+00  -2.41849911484372e+00   2.56800380621847e-01   1.58224129208060e-01  -3.35058552371472e+00
   5.88246006063959e+00   2.24798316202460e+00   3.83112738467889e+00   4.33070419124047e+00  -2.99486865685789e+00  -4.70631846437034e+00  -4.84457346950483e+00   2.48887512869483e+00   5.51846994600954e+00   9.65026099971081e-01
   1.61701984588432e+00   5.51670434496484e-01  -2.23029999843932e-01  -1.62121109411674e+00   1.33783675326945e+00   2.87712282587419e+00   1.12348534574421e+00   3.65787019029948e+00   3.94916281952330e+00  -4.41415870928027e+00
   2.95375261903386e+00  -1.43207841760156e-01  -3.12272282759008e+00  -3.22963173113828e-02  -1.96171021808739e+00   7.78204853760904e-01  -3.15507424937410e+00   1.51416925719062e+00   1.21466177589247e+00  -1.72309185103438e+00
   8.39910842400044e-01  -2.66780075778595e-01  -4.74740788917247e-02  -2.20707371584519e+00  -1.39465284804922e+00  -8.27605886890320e-01  -4.31749782577357e-01   3.17786198683486e+00  -1.00092354366579e-01  -1.52006223000160e+00
  -2.27549694805548e+00  -6.31638795912140e-01   7.49831579407002e-01  -1.21782816664381e+00   2.38913936680206e+00   1.03329879975380e+00  -4.15460192711996e+00   1.84418767023340e+00  -4.05209156352766e-01   1.82048316121859e+00
   3.04826078778715e+00   7.89606467771587e-01   4.54075215496953e+00   1.06118941315763e+00  -1.39922977920907e+00  -3.65896919402104e+00   1.40280486493958e+00   2.61768525265126e+00  -7.19921455832214e+00  -5.35455950663781e-01
  -1.26562380709726e+00  -7.88292017080756e+00   1.68386069950300e+00  -2.62875906536395e+00  -1.58026460350205e+00   1.12709163847610e+00   3.92511191199023e+00  -5.63246169144843e+00   3.29087677369898e+00  -3.99112448630885e+00
  -6.29364313906794e+00   9.79386683308623e+00  -5.60818037461574e-01   7.55115617548626e-01   1.98533338054222e+00  -9.62412782136249e-01   5.28573231612514e+00   1.63224244273613e+00   6.19296963057122e-01   4.58765738051679e-01
  -3.05079712759863e+00   2.57962469605112e+00  -2.42091852162219e+00   2.47040215203678e+00  -1.82480099210243e-02   1.82704943758168e-01   4.74086919836206e+00  -6.85728118181419e+00  -5.08665954702520e+00  -5.42359743341561e+00
   1.82255660893373e+00  -2.35728296752141e+00  -3.44331541984340e+00   4.57966900920940e+00  -8.64400684286720e-01  -4.59899659730434e-02   2.42025657542012e+00   6.10156977405974e-01  -2.44193368914800e+00  -7.32620003977835e-01
  -6.47845145160370e-02  -7.56609357287299e-02  -8.00496988257272e-02  -7.71263004245645e-01  -9.38673364350260e-02   2.48210952988136e+00  -2.28497141049993e+00  -1.67509679067001e+00   2.34000349864303e+00   2.62499230947574e+00
  -2.47271333071182e+00  -8.03912065152041e-01  -1.52453629030089e+00  -3.07903460215109e+00   3.57789335192225e+00   2.12209560857089e+00   4.54738844007843e+00  -1.38204379098745e+00   1.99912714662828e+00   6.56105812930584e-01
