ARMA_MAT_TXT_FN008
17 20
   9.16547288684697e-01   4.27635757456314e-01   2.00477659818888e+00   1.29811981406457e-01  -1.16231796895061e+00  -1.31540360938477e+00  -1.38164973604780e+00   2.16462269432650e+00   1.86879382699835e-02  -9.75427364409879e-01  -2.12285702304272e+00   1.15157067297627e+00   4.10957355281440e-01   2.27785305931356e-01   1.26584496297014e+00  -8.75481500565728e-01   2.95465804926324e+00   3.02687546820091e-01   8.62269136559044e-01   4.68251517421066e+00
  -7.43574775675969e-01   2.96744497048553e+00   3.15001794230678e+00   4.44053942087354e-01   1.17917465468390e+00  -1.36956059863157e+00  -4.23405976326879e-01  -5.53313730327848e-01  -1.91353439416171e-01   2.40680611181543e+00  -6.62710360520591e-01   7.56342511536687e-01  -1.08218777220135e+00   1.00025472819238e+00   5.21011164036968e-01   2.83703469746493e+00   1.51667663644041e+00   1.11884159700069e+00  -1.28248574840608e+00   2.00937976113673e+00
  -5.04971317628617e-01  -3.52288127059438e-01  -1.95543500593511e-01  -1.01862628392963e+00   6.98401788703363e-02   9.75293839987008e-01   2.10357928687153e+00   6.77070286987867e-01  -4.49890412488957e-02   2.13099248770930e+00   2.14767231533489e-01   4.66326115236808e+00  -6.57330158855762e-01  -4.09736160053652e+00  -1.41141545243143e+00   5.09814205590439e+00  -2.45422414032314e+00   2.98395412769032e+00   2.85058891415714e+00   3.08248484430256e-01
  -5.75143355877632e-01   1.13099027587465e+00  -1.66630621053180e+00   2.09067636756071e+00   4.00547442650032e+00  -1.22599577718824e+00   1.93846355105437e+00  -8.30238903113245e-01   1.79844910067093e+00   1.27479203461273e+00  -2.97440433306703e+00   2.24974937978174e+00   2.31828692778228e+00  -3.88897528942775e-01   5.10171979340482e+00   4.40683339197450e+00  -1.19358985034326e+00  -2.21285390760691e+00  -2.03342229356576e+00  -6.19424328531969e-01
   3.14511534011105e+00  -2.21283029728366e+00   5.39788720709883e-01  -2.32014536889279e+00   1.63663681880268e+00   3.70484956365100e+00  -2.19532541999532e+00   3.48689582398330e+00   3.45614461161240e+00   2.42536821974694e+00   1.47131079029901e+00   5.15006363597314e-01   6.64017585191157e+00   3.68265317570616e+00  -3.62259084937361e+00  -4.04082200412591e+00   3.36494686106436e-01  -9.66603929262485e-01   1.25585739202717e-01  -2.35361256635794e+00
  -1.28165352924103e+00   3.57417499941865e-01  -3.39136484693660e+00   1.64620503231511e+00   2.59507026884760e+00  -1.37750013740371e+00  -4.98605704771965e+00  -2.75475042717658e+00   4.68100453267877e-01   4.63529466209415e-01  -8.46826685983788e-01   9.31622379302798e-02  -1.10471192310048e+00  -6.89706548755638e-02  -1.32800037038407e-01  -5.02453108839748e-01  -1.67852466637701e+00  -4.11411750890467e+00  -1.12672076093832e+00   3.50233104710942e-01
  -2.07309831624206e+00  -1.66471629292733e-01   1.47383118733818e+00  -2.58797834802454e+00  -2.17088211564632e+00  -1.41068268710878e+00   2.22898106828248e+00  -6.97123761728417e-01   6.91576512360145e-01  -1.64795648342482e+00   1.93046556535651e+00  -1.83987499367642e-01  -6.79357128240348e-01   1.26757108916933e+00  -3.83200811468082e+00  -3.18240724494171e+00  -2.34489863677858e+00   1.50491992965626e+00  -1.34770716958918e+00   7.93991560844890e+00
  -2.06657592675883e+00   8.76293762612360e+00   2.92507370132993e+00   1.67338733962164e-01   2.18257185482014e+00   3.77621398317210e+00   7.54575143761549e-03  -2.72919922912655e+00   6.35653832042669e-01  -1.35839343365075e+00   2.00950503927967e-01  -3.20886976257593e-01   3.02013649216344e+00  -1.16925792143955e+00   1.45073933354867e+00  -1.00287889382901e+00  -1.34849957200067e+00  -1.39189049838967e+00   1.00359825437926e+00   1.38942888526505e+00
  -5.45179274949370e+00  -2.58475805594024e+00   3.70165329123672e+00   4.56785209522191e+00   2.59085832625567e-01  -2.12440600449588e+00   2.99235944555566e+00  -2.92625448151295e+00  -5.24025589566687e-02  -1.57208087469912e+00   2.29887429152458e+00  -2.24551801491649e+00  -3.68843232154137e+00   2.00904767149199e+00   4.67814314620866e-01  -9.05508135005062e+00   1.29277365727148e+00   3.72564228993887e+00   1.75050348455925e-02   2.10869895015622e+00
   1.20568727840547e+00   2.11533960579275e+00   7.10118235879049e-01  -2.37139227371437e+00   2.14258303183575e+00  -1.40847593035937e+00  -7.13682152362116e+00   3.80732432968323e+00   7.76808036244543e-01   3.38111918497830e+00  -1.18129403169967e+00  -5.67776841393827e-01  -3.99896501515191e+00  -1.06025476217163e+00   2.20415968692811e+00   4.18807930922966e-01  -3.68857864417022e+00  -6.41395777252858e-01  -4.41857567643976e+00   3.68132929848408e-01
  -3.34278591300520e+00   6.21904709473098e+00   1.02603333008051e+00   1.84988272123648e+00   2.26213288679818e+00  -7.88921554750119e-01   5.23385191034927e-01  -1.44233510865033e+00   3.57623870101345e+00  -1.70331748271686e+00   3.76999564636739e+00  -5.20675103768654e-01  -3.23576964191015e+00   4.00379141620068e+00   3.99209237423521e+00  -1.51231703959690e+00  -3.00405866125771e-01  -2.72578305014212e+00   2.63949357121832e+00   1.46025839373957e+00
   3.11337968723609e+00  -3.30238622972273e+00  -3.92156260814481e-01   6.18530839763191e-01  -1.02898911461092e+00  -4.37016077460126e+00  -5.06481390117181e+00   7.05753735335868e-01   1.85070968128116e+00   1.22421177164149e+00  -5.93452832682272e-01  -5.33364503328278e+00  -1.07300562478593e-01  -6.49519688617242e-01  -5.65038163558375e-01  -6.05008015773762e+00  -3.86555664300149e-01  -1.23193338756540e+00  -2.03607084881651e+00  -7.16229588005323e+00
  -2.18135855758500e+00  -2.74076381023203e+00   3.64426669609263e+00   1.61431803503882e+00   3.80219665322363e+00   1.62838724490321e+00  -5.62552122511982e+00   1.79366082223207e-01   2.98256300835030e+00  -3.79551996429235e+00  -3.67307608924365e+00  -2.26975941383524e+00  -4.42696818136631e-01   2.79826854626117e-02   1.29923645965086e+00  -7.56730433495347e-01   1.66352574653928e+00   3.48141819426170e+00  -2.00560763712642e-01   5.42954766938913e-01
  -3.07188606212210e+00  -2.20096701069273e+00   2.33619913632821e+00  -5.71744978346315e-01  -2.92431598689521e+00  -1.94023464696286e+00   3.46466109244709e+00  -3.78001026205361e-01  -5.09111704835962e+00  -2.89338306031900e+00   1.75649297542360e+00   6.65494502891861e+00   3.59726584546193e+00   2.00194000046440e-01   2.09763149028754e-01   1.42090231747380e+00  -3.35456588129299e+00   1.55500465888912e+00  -2.35203965423656e+00   1.21258012329739e+00
   2.95971165758786e-01  -2.06243517429051e+00  -2.50211092067515e+00  -1.38087746922748e+00  -2.47645859560532e+00   9.23077775754947e-01  -1.21136113280358e+00   9.60255079003417e-01   2.48770540384912e+00  -4.66253236030898e+00   2.35832811633103e-01  -3.00632524566731e+00   2.05174887338750e+00  -2.61803587663910e+00  -1.80417922171366e+00  -4.54435135844380e-01  -3.83654584673039e-02   9.01806105004437e-01  -9.23588952290967e-01  -4.29666404856592e+00
  -1.01570299432456e+00   2.40246590548141e+00  -2.69573585341850e+00   4.18473349604322e-01   3.95889695090177e+00   7.40977292584219e-01   2.03156711814439e+00  -7.08265958528166e-01  -2.24322926158144e+00  -1.23354170955221e+00   5.32869006323936e-01   6.10005139843624e-01   1.88135784837613e+00   3.82030620199349e-01  -3.62735338173235e+00  -1.94533712961225e+00   2.63096995851873e+00   3.39243443755020e+00   2.58561415343926e+00   1.53112958807955e+00
  -5.56606718040077e-01  -4.17264746001316e+00  -6.53702011162369e+00   1.10509631881599e+00  -2.54301335436064e+00  -6.23796043810220e-01  -2.64476909798437e+00  -5.71644997615356e+00  -8.46788069975288e-01  -1.58822042995584e+00  -1.48042197535198e+00   6.53791752659299e+00   2.13571230503869e+00  -3.61584117315509e+00  -2.50710956991591e+00  -4.48542684210265e+00  -2.30709687689157e+00   9.25397161512103e-02   2.25831193516449e+00  -2.60884867601461e+00
