ARMA_MAT_TXT_FN008
17 20
  -7.54088822033062e-01  -9.95770220157892e-01  -4.30052036809440e-01  -3.70027251412859e-01  -4.76341424717253e-01   2.34632180793006e-01   9.76478876377993e-01   7.33446505053719e-01  -8.22613263743032e-01  -3.85065979917777e-01  -7.18408743867440e-02  -7.34221111456566e-01   5.49865458795244e-01  -7.46133808403392e-01  -1.02762137691523e+00   4.37203443134941e-01  -1.05410129554804e+00   4.86964347769813e-01   1.11747855033263e+00  -1.09000013707195e+00
   2.52013213995706e+00  -2.01183173672356e+00   9.35942020633546e-01  -1.23278783859916e+00  -1.33163456567094e+00  -7.51120304590442e-01  -3.98357493530267e+00  -2.79937644791802e-01   6.41785323379125e-01   9.21417136047975e-01  -1.79679628298809e+00   8.16228659911291e-01  -1.97049246582725e+00   2.49097497777161e-03  -8.43185533831258e-02  -1.23082364450157e+00  -5.90663506621477e-01   6.29760122773686e-01   8.48185129418822e-01   4.89995440385441e-01
   1.33297370281654e+00   2.60519342652936e-01  -4.60468078530846e-02  -5.69621793985490e-01  -2.28806347884186e+00   1.97437178205343e+00   1.12476094234117e+00  -3.18790150339230e+00   1.74379229298444e+00   8.63456811403514e-01  -2.96651789869137e+00  -3.72486900592527e+00  -1.56142120042455e+00  -1.19200579760345e+00   1.48909508552038e+00   4.11520590962262e-01   1.92893436224902e+00   1.65242504975646e-01   5.70406765763250e-01  -1.43529664016296e+00
   6.12746173289806e-01   1.46072173221858e+00  -1.03207912531409e+00  -9.01452868741763e-02   3.60907142654849e-01  -1.03371563650354e+00  -3.05348263328820e-01  -1.98507327424977e+00  -1.97527875934119e-01   1.47127983729936e+00   1.63707881177514e-01   1.19961750961098e+00  -1.14112092553681e+00  -9.07758602150084e-01  -1.70802638469939e+00  -6.11897878013092e-01  -1.57299692176034e+00   1.25065610463024e+00   4.28178696571829e-01  -1.11112441807876e+00
   1.36894702486565e+00   1.40206808276543e+00  -1.55353739514383e+00   1.22976474911807e+00  -2.92639017896884e-01  -1.67743965876162e+00  -2.65341028817285e-01   2.07141159529985e-01   1.36039004359517e+00  -2.42054301972424e+00   1.37402494228686e+00  -1.08202491432574e+00  -9.65745869161662e-01  -4.61468850747007e-01  -9.36824093195907e-01   1.36438272013140e+00  -1.26039175196192e+00   1.46189849902288e+00   1.23909677338645e+00   8.01764724387621e-01
   8.28433582003432e-01  -1.08867811208335e+00  -2.80189361774468e+00  -7.52230080284083e-01   5.81492902176295e-01   4.77628361600556e-01  -1.35578270738225e+00  -1.91654308103181e+00   9.83577158160598e-02  -3.12347814669884e+00   6.46437353984035e-01  -8.30788735715355e-01  -1.23430389790304e+00  -1.33126843145150e+00  -2.28988844390553e+00  -2.51880139277511e+00   3.63755363934762e-01  -1.00757181011231e+00  -7.58619411008479e-01   1.53576599043608e+00
   1.52331993525625e+00  -3.51337926689051e+00  -5.69235735018127e-01   6.73140117239171e-01  -1.06848978074947e+00  -1.22242114635801e+00  -1.35952532793252e-01  -8.12575181101859e-01   6.20867199862337e-01  -4.53490371352325e-01  -1.74136142996355e+00  -8.32535758178181e-01  -3.09440150285631e-01   1.03166232384811e+00   1.24859696719047e-01  -1.68406526529659e-01  -1.66788024265638e+00   3.12040751796867e+00   1.21799686063448e+00  -8.33206170917617e-01
  -1.09121742630270e+00  -1.19630108392044e+00  -2.42120522766480e-01   3.34255045370277e+00  -2.57894899477352e-01   8.31024238860907e-01  -1.24934505187812e+00  -1.11443666078605e+00   4.94258239958350e-01   3.92371223741177e-01  -1.45951822473457e+00   3.32632817493564e-01  -9.32451777011935e-01  -9.91229410234947e-01  -1.95654961669195e+00  -3.16677474183625e-01   2.60890430833912e+00   4.66727766446320e-01  -1.79845841502480e+00   1.46468998314150e+00
  -1.04485478781445e+00  -2.06532351193963e+00   1.44947737096193e+00  -1.16336032997390e+00   4.44208394406558e-01   1.48350509596677e+00  -7.10522218377835e-01  -1.37529998341992e-01   1.01656004148298e-04   2.47918343202708e+00   1.40668213054104e+00   1.38149481521316e+00  -2.33548964597916e+00   1.57816786394915e+00   2.22030909429715e+00   8.12639023215665e-01  -4.81360051278184e-01  -5.47287038826289e-01  -2.24204638454579e+00  -4.72730536925471e-01
   5.95834051325292e-01   1.58440853728092e-01   2.48605735357959e+00   5.47424503255435e-01  -2.27070347235480e+00  -4.56154644825805e-01   1.40560488970670e+00   1.02198401562140e+00  -3.22077478968031e-01  -4.19923591781104e-02   9.63275684771400e-01  -9.39258871702567e-01   8.12246929744773e-02   1.62257776834995e+00  -4.72209838202009e-01  -2.93989512530872e+00  -1.57465391256448e+00   2.86410749427190e+00  -2.03515613423106e-01   1.15719095264254e+00
  -1.47523878605159e+00  -1.04167692689919e+00   1.46458660306017e+00   9.58500488235628e-01   1.11153325008436e+00   9.21309520267817e-01   5.51014299637335e-01   1.66961178350526e+00  -3.08392878722222e-01  -1.79205924863591e+00  -7.43976023401998e-01  -1.80041025821118e+00   1.01946146360293e+00  -1.40477477941015e+00  -2.20155223873729e+00   7.60226721835785e-01  -8.81960410062286e-01   4.50781510059575e-01   7.44799872454469e-01  -1.89607733954174e-01
   1.50959134591904e+00   4.57865351226026e-01   1.00164016040540e+00  -1.04337946851286e+00   1.61656106299516e-01  -5.12853146167582e-01  -3.93171684311689e-01   2.08871807626656e+00   1.02625006178922e+00  -1.36531680031192e+00   2.80637396967035e+00  -1.13060519182782e+00  -1.30487157177723e-01   3.04805461240068e-01  -6.34816782136633e-01   2.67210573099505e-01  -1.12577698911859e-01  -6.00765829267595e-01  -4.64296369210337e-01  -1.89159546168182e+00
  -2.48862502901659e+00   1.92166599299283e+00  -2.02430250132951e+00  -9.75425408464886e-01   1.27850942606431e-01  -2.85818203018195e-01   1.10789190979710e-01   2.41392414627028e-01  -8.80424558220669e-01   3.02716468882318e-01  -3.47542748455495e-01   1.33911292869317e+00   8.24463554623300e-01   1.19484975244275e+00   1.42624858798277e+00   2.98510559979808e-01  -1.03046021319507e+00  -1.38482880289394e+00   1.34667516747132e-01  -1.63498369933887e+00
  -1.93136801396217e+00   1.02350533388097e+00  -5.33186838739028e-01   9.23765850588864e-01   1.48399032072858e-01  -2.14025194119209e+00   2.16997343795086e+00   1.78047848331245e+00   9.06807509409982e-01   1.61902138795539e-01  -6.53910325729050e-01  -6.03954372173293e-01  -2.68186499207711e+00   5.11690152267327e-01   9.00652449370961e-01  -4.23253290114517e-01  -7.49183456130098e-01   8.80494125561883e-01  -1.22069584810117e+00   5.65748694109812e-01
  -5.47060764727518e-01  -1.78822400059444e-01   2.00912045187589e+00   4.94864534528271e-02   1.40124849193595e+00   3.55696122081653e-01   7.49573219502565e-01   8.66666412607235e-01  -3.62799570790772e-01  -1.22477338960440e+00  -1.83354008172004e+00  -5.14502912250345e-01   3.79821671694147e-01  -7.14546787343972e-01  -1.03029892695107e+00  -2.66064232514223e-01  -1.53852714391420e+00  -5.32399932602099e-01  -4.11573407160259e-01  -1.64679105059883e+00
   1.29715026422953e+00   4.44253144396380e-01   6.36100494911321e-01   1.09842557494038e-01  -1.86618393897073e+00   8.65087472071197e-01   8.30691503299420e-01   1.89739863641471e+00  -8.66949333435091e-01   5.78706198932639e-01   2.08954241165709e+00  -4.50465017059379e-01   3.03349562551920e-01   5.83170697888659e-01   7.83962218823650e-02   5.04034414400993e-01   5.06059779246963e-01  -9.76380164856879e-01  -2.54353383861996e+00  -2.11616606689317e+00
   1.32792569187999e+00  -1.44427624495613e+00  -4.51300247273228e-01   2.51177370452953e-01   8.26853906478540e-02   2.29442395812190e+00  -1.72064744605626e+00  -1.31224426255955e+00  -1.20668911201831e+00   9.02338647374415e-01   9.29578095124386e-04  -1.05372265041243e+00   1.65292101132265e+00   1.44720185441327e+00  -1.26791719464992e+00  -1.27397708117183e+00   8.09208990643545e-01  -3.68785771699661e+00  -1.08357602943351e+00   1.64916243884936e+00
