ARMA_MAT_TXT_FN008
21 2
   1.15304878707183e-01  -3.62666038957974e-01
   9.20101752991630e-01   2.27765174765366e+00
   1.59480574802622e+00   6.07744168410808e-01
  -3.97720665356452e-01  -6.16295035104814e-01
  -3.16675406823449e-01  -3.42816468976355e-01
  -1.37499797813718e-01   8.12710660244130e-02
  -8.87444229901931e-02   5.51080323881928e-01
  -1.44815081575810e+00  -9.98465072197120e-01
   1.31605739385051e+00   1.83035601143373e+00
  -3.43496388714260e-01   1.83432082216287e-02
  -1.40955316570799e+00  -2.24172943986901e+00
  -3.90253518095408e+00   1.54737663984640e-02
   5.01558168666690e-01  -2.00823651371855e-01
  -8.76886000582463e-01   9.55183631664004e-02
   4.42284571879628e-01   5.47789561671334e-01
   2.69601580211544e-01   2.00468332026819e+00
   2.42983696416748e-01  -1.72987168367990e+00
  -3.96575369908503e-02   1.82323070988753e-02
   8.92979364346200e-01   1.06896809860547e+00
  -2.44602175140635e+00  -2.04717329098199e+00
  -1.73769251198349e-01  -5.87677118206649e-01
