ARMA_MAT_TXT_FN008
41 20
  -3.02797931568015e-01  -1.09584970988879e-01  -1.40892760807805e+00  -7.70456035414448e-01   9.48701874709921e-01   8.17794935176521e-01   2.37594617592170e-01   1.37313511085649e+00   3.14541094214727e-01  -6.11654205005734e-01   7.22550704850708e-01   5.64349710639509e-01   5.83408757471978e-01   3.83231213865050e-01   7.44748620791722e-01   1.76955549601849e-02  -1.00517368952349e+00  -4.19278983774640e-01   1.34814789936945e+00   1.30899970218894e+00
   1.90985938640530e-01   1.07203876056119e+00   4.54708135782144e-01   2.07121389321438e+00   9.92133323141579e-01   9.49767754080121e-01   1.27459920628931e+00  -4.31583064176929e-01  -1.40581560306286e-02   1.62972139092061e+00  -1.39982965857948e+00   8.91583701118316e-01  -9.42457708461343e-01  -9.93620452083152e-01  -1.37667435099664e+00  -1.27063295224382e+00  -1.06902878216628e+00  -1.85645670200430e+00   9.07329400178672e-01  -1.52753779523223e+00
  -4.54622930753583e-01  -1.36014796405905e+00  -1.04757218852007e+00  -4.01807316114543e-01  -6.56445548989868e-02   7.14462357692606e-01  -6.61641505743446e-01  -7.35833821806558e-01   2.47309959957417e+00  -2.32939937138355e+00   1.97201044427853e+00  -3.41007292667037e-01   2.43811224772262e+00  -6.57517063919973e-01   8.63495884232666e-02   1.54049314239055e+00  -3.33875064932780e-01  -1.24275733092049e+00  -8.26925051313787e-01   1.06538670342627e+00
   2.83515697099626e+00  -6.11396271938800e-01   3.53060168968506e+00   5.50827476955270e-02  -1.45218699916266e+00   1.20002859533821e+00  -2.86072826752769e+00  -5.56381105245631e-01  -2.49258995812336e+00  -5.07758844328135e-02   1.20876427925862e+00   2.02471410928248e+00  -2.21900143433479e-02  -6.36459583122049e-01   2.34667429828710e+00   1.18620092933431e+00  -4.67230032636566e-01  -2.04474013540525e+00   4.14824069425377e-01  -6.97689659058279e-01
   3.02105279020567e+00   7.11644225390079e-01  -3.01175631975956e+00   5.16613451768162e-02   6.65522335068573e-01   1.55972583664070e+00   1.49555765817634e+00  -3.82629340195033e-01  -3.77384971582525e-01   8.29763922073256e-01  -1.61851832696081e+00  -8.68149156497266e-01   9.39144057807470e-01   2.45728696876259e+00   6.50251891033725e-01  -1.11347581138985e-01  -2.03217819717233e+00  -2.44388629027364e+00  -9.65255155955093e-01  -5.85842758532023e-01
  -1.71667794837981e+00  -5.20965942168165e-01   3.95668942491706e-01   2.19002730522981e+00  -7.16239000758149e-01   1.79608070304522e+00   2.32578396286615e+00  -7.21756449068807e-01   2.70033938970311e+00   1.07563892003028e+00   4.71654975307179e-01   2.97947926749799e-01   3.24582709928843e-01   5.30899202969105e-03   2.26632201831688e+00  -1.24309574440343e+00  -5.83828640040512e-01  -1.65892055655978e+00  -1.59016599990468e+00  -9.57536939237971e-01
   1.37352582704353e+00   2.60069250102781e-01   2.64550733248148e+00   1.73151248640518e+00  -1.12164976968306e+00  -1.65587220057214e+00   1.03401132262514e+00   1.12562194377634e-01  -1.38294372344534e+00  -8.62646036667106e-01   2.04441656775128e-01  -7.43632491865749e-01  -1.22530452449694e+00   5.58218852943061e-01   4.73527458994152e-01   1.36029088410065e+00   7.34833679083856e-03  -8.44423950072870e-01   5.96317657399561e-01  -1.71188788081103e+00
  -8.80099020448955e-01  -1.05850279164045e+00  -3.04216638640710e+00  -9.36297498493149e-01   6.34818012004607e-01  -2.72241709864884e+00  -2.47357836655798e-01  -1.62369307743291e+00  -2.53118651238074e+00  -9.01910467045136e-01   7.87124363768062e-01   2.18525954957059e-02   2.16130193322652e-02  -1.22882780352611e+00   2.81721447356687e+00   8.10569543353262e-01  -1.80394007295912e+00  -3.85077061401379e-01   1.12746616212566e+00   3.07350239165834e+00
  -1.42481837691831e+00   4.53378817940090e-01  -8.90248654553435e-01   2.32605702960229e+00   4.43156670671049e-01   3.10884224442586e+00   3.15640277806863e+00   2.33141230393905e+00   2.37423671788394e-01  -4.73805648876109e+00  -2.89402405543746e+00   9.34142161277869e-01  -1.23474859021601e+00  -2.31287699695538e+00   4.78054026392597e-01   1.74101858629008e+00  -6.82088782623014e-01  -7.42641739922468e-01   7.63318382081619e-02  -9.98905006547222e-01
  -1.28034316152112e+00   5.47863729902376e-01   8.05712837119778e-01  -4.17027014381090e-01  -1.54199302518647e+00  -2.16549257217757e+00  -1.86891438235624e+00   2.50004931993452e-01  -5.40853379398736e-01   1.47144760978280e+00   5.48458980499575e-01  -1.01082032437152e+00  -8.53692328292809e-01  -1.31237382652259e-01   3.18967636329403e+00  -8.78332851179300e-01  -1.02326459239557e-01   8.78664285881060e-01  -9.09080054083822e-01   1.83462042259963e-01
   2.29150979527278e+00  -9.94882568954777e-01  -4.25632572282458e-01  -1.74897456756922e+00   2.21034029425824e+00  -1.60031423048025e-01  -1.11388483890852e+00  -8.68102917782852e-01  -7.17344102263587e-01   1.34229608071853e+00   1.04047110120942e+00  -2.48021491253234e+00   1.13481814602672e+00  -3.54886453300830e-01   1.46890460205318e+00  -3.57267443549670e-01  -2.77652565922068e-01  -5.04016773430705e-01   1.55769934204142e+00   1.37201575774585e+00
   1.95563512638456e+00  -3.94170023727071e-01  -5.70217292084751e-01   1.17379282680426e+00  -1.11091100779083e-01   1.44262938072170e+00  -1.34866034847460e+00   8.57441689647762e-01   7.96145261222180e-02   2.43010270749366e+00  -2.36278503138588e+00  -3.09571713578683e-01   4.94232951474637e-01   1.27618882887840e+00   2.46735733738128e+00   1.10334768803704e+00  -2.38554286127229e+00  -9.09318902175192e-01  -4.17713784210971e-01   4.53273886260352e+00
  -2.03104802937188e+00  -1.81427553546830e+00  -6.59960236283992e-01   6.89101555910702e-01   2.53293584697765e-01   2.13712336507001e+00  -1.65422058139237e+00   2.83286968414378e-01   1.37342365429790e-01  -1.39654564117344e+00  -4.22006023207173e-01   6.07654921149670e-01  -7.33526157796788e-01  -8.43788972726555e-01  -1.03084550741069e+00  -5.64538048157641e-01   1.64987736600430e+00  -8.03033702487719e-01   6.18686602607296e-01  -2.28682241170602e-02
  -1.47648517301668e+00  -5.73968008354084e-01   3.00557757434086e+00  -5.34543108635830e-01   3.49453273746791e-01  -1.87791741319085e-01  -3.08257738805356e-02  -7.72365714733429e-01  -3.95420061691134e+00  -1.45675401890120e+00  -2.30025559680036e+00   9.93643774732268e-01   8.32811767558440e-01   2.12987770819958e-01  -1.89647117478347e-01   1.08457000584605e+00   1.17754857038852e+00   3.82700695266022e-02   1.33973419027675e+00  -1.62228586422655e+00
  -5.03012570055023e-01   1.61745287511347e+00   9.79941772517469e-01   2.43266936201360e+00   1.42283409729153e+00  -2.31523921066210e-01  -8.75526138633107e-01  -3.93143589344915e-01   1.90334285019017e+00  -2.13771559011814e-01   5.35005851027233e-01  -7.75689943511019e-01  -7.27409174130762e-01  -4.12809552503639e+00  -2.27356587734648e+00  -6.97015729963776e-01  -1.08217465193704e+00   1.00257351886759e+00  -2.31067128611260e-01   4.37232213972572e-01
  -5.38975468320435e-02   1.28471753234991e+00  -9.99981889129788e-01   1.03378294145840e+00   8.24373726128169e-01   1.53368444152718e+00  -5.72424890618373e-01  -1.20995034442672e-01  -6.81207535858998e-01  -4.89372934792920e-01   1.57212112466823e+00  -1.55547563789815e+00  -2.12985187108499e+00   9.50767289379345e-02   6.63788089160880e-01  -1.11756801837206e+00   9.38058149956626e-01  -1.80227520242491e+00  -5.21720530014830e-02   2.57012673064798e+00
  -1.49906143622043e-01   3.27537551413279e+00  -1.24637065227380e+00   1.44583299802407e+00  -1.67750331324179e+00  -3.58533696260138e+00   1.44820110348633e+00  -1.27320001052181e+00  -3.07372873369856e+00   3.81851330674132e+00   2.57326852194485e-01  -7.90098577453498e-01  -1.60598959385942e-01  -2.72453256994698e-01   8.18298892976804e-01   9.22389836477391e-01   6.91299908040232e-01  -8.64271488941719e-01   3.76759386373606e-01   2.07385521350029e-01
   1.69999089834682e+00   1.00453282286029e+00   4.61958566204441e-02  -1.30458762462253e+00   1.02083205275093e+00   2.13758574216156e+00   1.70710791254754e+00   1.60251717132220e+00   2.67122593471684e+00   1.86746422926336e+00  -2.89893950862077e+00  -2.08714858887779e+00  -2.10956197069231e+00   3.27039816460011e-01  -1.25074324465605e+00   1.19015607868956e-01   3.06597996019074e-01   5.16556153336434e-02   6.46726728559927e-01   3.90836152849727e-02
   4.49646554721171e-01  -2.01375866948352e+00   9.93665161230159e-02   6.68603972806288e-01   4.65130110307249e-01  -2.36828635137032e+00  -7.82572788801785e-01  -4.27845397577708e+00   1.42929669877123e+00   9.39514743120370e-01   4.12662920458864e-02  -8.08308176931692e-01   3.43699149340635e+00   3.07057339900710e+00  -3.83302889738741e+00   1.04094224024966e+00   2.31257792029738e+00   1.34864408027939e+00   1.45521843564623e+00  -1.14426589159980e+00
   7.20352869619567e-01   1.24649247157221e+00  -6.80099262962968e-01   8.45508087037565e-01  -4.06222610886172e+00   3.97767851709303e+00   6.61847374496908e-02   1.20401402926040e-01   6.50075809563444e-02   7.09197624994861e-01  -4.44807879700662e-01  -4.22054847947301e-01  -3.42482917233673e-01  -3.40456472729262e-01  -3.12317356195419e-01  -1.46525303677967e+00   1.55671583795923e+00   5.63859573592907e-02  -6.63136103557571e-01   3.24965480352931e+00
  -1.48104224535325e+00  -3.34264710649411e+00  -4.99578718186330e-01  -1.79630583776876e+00   1.53729427174307e+00  -1.28237927029327e+00   7.41829379382017e-01   9.95221329310044e-01  -5.77454129858459e-01  -4.18325960261206e-01   2.28790293105279e+00  -4.55815380170057e-01  -1.54325886799663e-01   1.25054297255688e+00   1.96123764888699e+00  -1.29597233000319e+00  -4.35472710167210e+00   8.99651675976696e-01  -1.94406055103166e+00  -5.61262650497139e-01
   2.18630197636457e-01  -1.50551753336941e+00   9.80739455205043e-01  -3.99090235526302e+00   9.69603182874664e-01  -1.81841740414248e+00  -2.64233509559678e+00   1.02197640869038e+00  -1.76986595834065e+00  -2.01481896365459e+00  -2.97624509423070e-01   1.19912867742116e+00   1.23944627529533e+00  -1.30861405379587e-01  -7.68650625270316e-01  -2.37312607364547e-01   5.10896757622744e-01  -9.38866453246099e-01   6.54313195906578e-01  -1.12520649808165e-01
   1.67716069255932e+00   1.57405470183219e+00   1.70500672118870e+00   1.11006993685570e+00   1.22198919687456e+00   1.35895792685222e+00  -8.30166754975112e-01   1.99221011951937e+00  -2.12779192823564e+00  -2.13821655491429e+00   6.38476677820353e-01  -1.94526752413589e-01   8.41873211631090e-02   7.54302018567340e-02   8.30404741981906e-01  -1.16655910753005e+00   2.52762952441607e+00  -3.01464667836180e-01  -1.61917993330968e+00  -5.25270068721420e-02
   3.75566670806207e+00   1.99141283677576e+00  -1.26899997430007e+00   3.26021394424140e-01   2.02090261690125e+00  -1.69554271616698e+00  -3.72381044147607e-01  -1.66071863109580e+00   6.28033573609826e-01  -1.13151615178516e+00   4.59820667464420e-01   1.74679102480827e-01   3.92259127074686e-01   1.22171908376242e+00  -1.40281374245971e+00  -8.55850953557442e-01  -4.12203876143240e-01   6.94735668548826e-01   2.80883982572512e+00  -1.03894227791124e+00
  -6.88728315677524e-01  -3.07094249573388e+00  -6.92176991412047e-01   1.09187672833026e+00  -8.59463556355396e-01   7.40261829173663e-01  -3.53275721998185e-01  -1.21051897700630e-02  -2.33229742527213e+00   1.03976830990948e+00  -3.46618513428621e-01  -6.78049067946808e-01  -8.97017018097947e-01   6.99976018325383e-01  -2.64700012764615e+00   4.43202209834550e-01   2.68412777330573e-01   9.05092487684985e-01  -1.01194578111197e+00  -2.87362624491349e-01
  -2.38187771404466e-01   2.37830511754993e+00  -8.19067833214241e-01   2.19346274161894e+00   2.28797450575745e-01  -7.75489083100445e-01  -1.53684538455790e+00   3.45863626992529e-01  -3.89200797809490e+00   4.88520122284413e-01  -9.49131575850205e-01  -1.06016555536482e+00   5.88727751425550e-01  -4.07233722007432e-01  -1.30555794974934e+00  -1.00999354123200e-01  -2.51082702794521e-02   9.51259458200585e-01   7.65418558407209e-02   1.26305691077506e+00
   1.29449405612459e+00  -3.26782689822341e-01  -2.98813041191194e-01  -1.73301404752378e+00  -2.88794688642560e-01   8.74716489560763e-01   7.43364308921776e-02   5.44815518396440e-01  -1.77761264017889e+00   1.33132928214796e+00  -5.46917491413856e-01  -2.00377303193530e+00   7.15623919555073e-01  -1.23777193464127e+00  -1.22179349397531e+00   1.47255158295068e+00   2.27263091456931e+00  -1.64016210498988e+00   8.42353780929686e-01   4.59278171797117e-02
  -1.33851170290471e+00  -4.62930618224031e-01   1.76213131233682e+00   1.03234227546636e-02   2.21683288533112e-03   2.03946721966851e+00  -1.09307743126502e-01   6.34550934759815e-01   1.46528092267450e+00   4.12863389676586e-01   2.06905913406515e+00   9.70625935842824e-01   1.19475845640865e-01  -7.28143826600258e-02   1.26440675186261e+00  -1.14665078758331e+00   1.10401102690443e+00   4.33361910643402e-01   1.61515452915993e+00  -7.64863868562606e-01
  -4.35574016116894e-01  -5.07468417843279e-03   2.42251607517070e+00  -1.23829148358879e-01  -4.49682076784570e-01   3.74854975036863e-02   1.56030870306854e+00   1.00591592180319e+00  -1.31377928069736e+00   1.00008085081844e+00  -1.28123352538337e-01  -1.09008734034787e+00  -2.43018223828083e+00  -2.03962034922048e-02  -4.13287334563629e-01  -2.42797783271079e+00   6.77557392504045e-01  -3.67126746885047e-01  -7.82379193958574e-01   5.75335514584488e-01
   1.64512885007008e-02  -1.91694268803222e+00   9.01162594730390e-01   5.90133924465098e-01   1.37538876702767e+00  -1.47097420680813e+00   1.97089723253431e+00   2.01665860582479e+00  -1.02073236939175e+00   8.40085051474476e-01   4.04377642400034e-01  -4.53209220751506e-01   3.38967518477230e-01  -1.23075425287383e+00  -1.77379650073527e-01   4.71521242640195e-01  -1.20085431049066e+00   1.59494089366778e+00   1.60641871908580e+00  -1.11090075113928e+00
  -6.05485439750410e-01   5.69382891169670e-01  -1.40890744788740e+00  -1.52349706373445e-01   1.52237782823346e+00   3.22441442498159e-01   3.43029925637827e-01   1.97067053656514e+00  -1.95029781276082e+00   1.22666771727612e+00   7.01408168352907e-01  -2.53940623166659e+00  -1.16549935617572e+00  -1.15994593671590e-01   1.06803602169768e+00  -9.13574721467880e-01   2.69563325443642e+00   8.38263477257353e-01   1.81955391685882e-01  -1.15122821284031e+00
  -1.64720962020499e-01   1.12939407793838e-01   6.11228233516667e-01  -2.72988433347834e+00  -1.60791431533044e+00   1.37361968196860e-01   2.93798311964465e-01   2.34081305306009e+00  -1.93650653101470e-01   2.24816506465046e+00   5.04443051089916e+00   1.22065141754726e+00  -8.01143248814582e-01   9.04350066401120e-01   3.12151882035728e-01  -2.60402194841232e+00  -1.02843300073316e+00  -1.80654603331328e+00  -7.31882431827387e-01  -1.72716262540467e+00
   4.37833372956651e-01   2.30574541504564e+00   4.28675519550193e-01   4.27166279248042e-01   7.55460553699124e-01  -6.39462651778561e-01  -1.19908657351498e+00   2.99175573173872e-01  -3.16661692048244e-01  -7.73067875243112e-01  -1.35680551791294e+00   2.32202687747690e-01  -2.63521323598201e+00   1.73848137362528e-01   4.31796935065961e-01   4.03343357314381e+00  -6.98234211967455e-01   5.59605115538447e-01  -1.35367952650067e+00   1.36262006700017e+00
  -2.54752618513444e-01   1.73269817927808e+00  -2.53584835328228e+00   8.05277133876330e-01   1.68036531296947e+00   7.41101312890701e-01   6.91051653907066e-02   1.94906371106168e+00   1.61133253859010e+00   1.78582433829851e+00   1.55066382904794e+00   2.16234421641883e+00   1.97384202599757e+00  -8.16846513993324e-01   4.96962132162406e-01  -1.61484413876539e-01   1.98024335696412e+00  -8.16141729226889e-01   5.68644445161165e-01  -4.66660655515481e-01
  -2.53860482643525e+00  -5.86031011717834e-01  -4.46511514380387e-01  -5.43756224645124e-01  -5.28831793863117e-02   2.76223980387264e-01   4.15931656904076e-01  -2.85560161023048e-01   2.97646767098835e-02   1.64161267175675e+00  -8.33615191384975e-01   7.72911314995874e-01  -2.36247708999855e-01   1.57313137076886e+00   4.33195508350727e-01  -1.01887283616431e+00  -1.12613912322544e+00  -1.98443873362068e+00   1.03339898926084e+00   1.49227751827302e+00
   1.11608360555897e+00  -4.92642080645293e-01  -1.38736707607519e+00  -6.98667990765150e-01   6.86483972036847e-01   2.54851520093655e-01  -1.52334595354050e+00   2.20934332576836e+00  -1.28630075688076e+00  -8.90788775264897e-01  -3.73243941139154e-01  -2.85239176813735e-01   7.06262092129303e-01  -1.38719754537675e+00   4.36083766090648e-01   1.95956143859283e+00  -9.60830059113841e-01   5.49673325578667e-01  -1.23932709231037e+00  -1.26717237915894e+00
  -3.12682450650763e+00   1.13188597553291e-02   7.16329072672107e-01  -2.93459334979726e+00  -3.32450091950372e+00  -9.12150662780445e-01   7.60225637223782e-01  -1.00615343018196e+00   7.18532031580303e-01  -1.27563406740770e+00   3.68538377164262e+00   8.32770366117283e-02   9.07519298287143e-01  -1.23419184128594e+00   1.12168698825881e+00   1.39128178937337e+00   8.02556819064787e-02  -1.50261144295616e+00  -1.92304421809207e-01   1.15639986714086e+00
  -1.55615600800915e-01   8.77600227666994e-01  -2.56684372551386e+00   1.57144658278082e+00   6.65913028095536e-01   5.88963438639786e-01   1.09684386972065e+00   1.35397061230503e+00  -2.28705034945514e-01   1.82734950970364e+00  -9.10959898531881e-01   1.06922361428870e+00   8.73954253354723e-01  -1.41631141862054e+00  -1.13285960033087e+00  -1.60596193187451e+00  -1.35002638422715e+00  -1.53933449052087e+00   2.77692356802906e-01   2.94619675316375e-01
   7.80929412482016e-01  -7.96010797477960e-01  -8.42905564113987e-02   1.86237830646403e-01  -4.43614823170500e-01  -1.41050748756794e+00  -2.53018104628577e+00   6.09276696913464e-01   2.85662896832541e-01   3.98436088708604e-01   3.13076427580589e+00   1.07807439699132e+00  -1.85115260419190e+00  -1.64688624975858e+00  -4.92219907541074e-01   1.56328964587161e+00  -6.44644419441034e-02   1.89166332764856e+00  -1.01152665953530e+00   1.28749436162796e+00
   9.02606513331915e-01  -8.06582561592176e-01  -7.13565377372383e-01  -1.56552984394830e+00  -3.86906754856704e-01  -9.32033657092668e-01   1.79915854138695e+00   3.95386870891588e-01   6.28574741589395e-01   4.11579888540067e-01  -9.00583659551262e-01  -3.83783342326102e-01  -2.33008769782353e+00  -6.25158217289023e-01  -7.28650197841299e-01   2.07363153771606e+00  -7.42552712559550e-01  -4.28772456897946e+00  -1.47277344007046e+00   6.58823414875098e-02
   7.70286969184022e-02  -1.95019036131644e+00  -1.39268649802863e+00   7.70461550522554e-01  -2.54810285863170e+00   1.08525207443376e+00   1.62711638003431e+00   1.70692511957893e+00   3.66056336117294e-01   2.41456024955595e+00  -1.10664216697272e+00   1.91329828966387e+00  -1.48642740992136e+00   3.41341654159933e-01   1.16803363781859e+00   2.57830579591313e-01  -2.04632358757240e-01  -5.00702666913649e-01  -1.46325329671390e-02  -2.35264419531250e+00
