ARMA_MAT_TXT_FN008
41 20
  -6.91366790413886e-01   2.23639296799705e+00  -1.70197355392993e+00   4.75187171191016e+00  -9.27897528132401e-01   1.14927444917107e+00   9.84320745935284e-01   1.14487497278281e+00  -1.08042431564752e+00  -7.74883023544080e-01   1.40484179787997e+00   4.27232868885860e-01   1.51193095561016e-01  -1.64987785471948e+00  -1.01460892480057e+00  -1.77801838406254e+00   1.03933488081174e+00   3.38451013130719e-01  -1.22153021053867e+00  -3.17179495017875e+00
   1.45539874434079e+00  -2.08029342164672e+00   1.74634070151480e+00   1.51513640285275e+00  -1.12385931040111e+00   2.23670310653512e-01  -4.08220925127394e-01  -2.26857926410386e+00   1.00905151683926e+00   3.67048528429348e+00   3.31427348345671e+00  -1.73729403006250e+00  -4.19147095133844e+00  -2.83212452302265e+00   5.14525037709722e+00   3.88152099680409e+00  -9.35742891188439e-01   1.32733791053676e+00   1.84420931863795e+00   3.64506886665915e+00
   3.92678606286240e-01   1.23027837126376e+00   4.02307374359232e+00   1.55190183084021e+00  -2.42131854849822e+00   2.31196855810347e+00  -1.85978333174313e+00   2.65478065908995e+00  -3.74521735880442e+00   2.95301148316303e+00   1.74547610588219e-01   8.20857087817125e-01   2.24463099043893e+00  -1.75439538614818e+00  -4.82854317501012e-01  -4.93913303180500e+00   1.76264174321457e+00  -3.90004367037178e+00   1.98746137645000e-01  -1.21101044343501e+00
   3.49329398793112e+00  -2.44673947093045e+00   3.18987295761620e+00  -8.10534930557896e-01   2.04704467513024e+00   5.90438256160636e-01   2.69238136943985e+00  -1.59286494665120e+00  -1.81605062508874e+00   2.58827622685283e+00  -1.39271010523380e+00   8.49213859008218e-01  -2.95632642349275e+00   6.18309225884052e-01  -9.46629705111419e-01   1.03731065359402e+00   1.68715110224274e+00  -1.85262940923611e-01  -3.68207961259641e-02   2.34110220661172e+00
   4.48690390889413e+00   8.06874301243938e-02  -1.08976536564104e+00   7.68957637860710e-01   7.24859706349602e+00  -2.70439162448554e+00  -1.55112654953800e+00   4.68927292211426e-01   2.26016847043453e+00   2.88743409813014e+00   3.28649111637686e+00  -1.23139840510520e+00   3.73630096760465e+00  -3.60873061302496e-01  -8.59998721802355e+00  -2.07226515516043e+00  -1.94047718955973e+00   2.59043576480648e+00   6.18726534075057e+00  -6.68045492502774e+00
  -7.12986182198330e-01  -4.99848817334631e+00   1.89348577331386e+00   8.45425000802189e-01  -1.75947801988047e+00  -2.82998287967394e-01  -7.15714014628825e-01  -1.06031169713586e+00  -5.69782695219433e-01  -2.18499588090294e-01   2.90329555047198e-01   2.62177901097936e-01  -4.01106934124766e-02  -3.08818747708585e+00   1.38025787777577e+00   1.91832601047781e+00  -1.37038669035404e+00   2.55838798990693e+00   2.17798926213729e+00   5.19604310792555e-01
   5.43385402470573e+00   9.60167501099232e-01   8.02770056094313e-01  -2.85313656969536e+00  -2.62771704215293e+00   4.31595860191496e-01  -2.78692351010113e+00  -2.37415047197352e+00  -1.62279328576770e+00  -4.41640476582706e+00   7.21203609039732e-01  -1.34044727334364e+00  -2.53654403895536e+00   2.42890259911615e+00   5.24043165790233e-01   4.82871472376323e-01   1.31019336857463e+00   2.01330626913769e+00  -3.86246260519262e+00  -3.71283703393546e-01
   2.31369603984305e+00  -1.98016061898478e+00   3.12113538576715e+00  -6.45439120380287e+00  -2.64255879562894e-01   1.82169219220016e+00  -3.73179260161565e+00   2.47712070351030e+00   1.34046506390609e+00  -1.07562700604374e+00   7.31048673266463e-01  -2.39563473463978e+00  -4.93216830382983e+00  -2.70051293106907e+00  -2.11383506310775e+00  -2.37911323627267e-01   1.91425890362558e-02  -5.40583095534684e-01  -2.25042191997416e+00  -2.29578217385530e+00
  -2.82324657989593e+00  -2.27089366712500e+00  -6.92063552228635e-01   4.82099490382139e+00  -8.88878038526479e-01  -3.80794270739726e-01   2.43997297925378e+00  -2.04051795564147e+00  -2.24135014326979e+00   3.20077180922129e+00  -6.79434804473295e+00  -1.49489789827434e-01   1.67023703121756e+00  -2.61588635359571e+00   5.80317437888681e-01  -4.71982415597328e-01   1.94579131526923e+00  -8.21916263304926e-01   3.10798678814413e-01   5.31498815277297e+00
   5.88920817691788e+00  -1.39126356673721e+00   3.53982192190420e+00   1.64897244830266e+00  -6.31715928427546e-01   3.95412577497439e+00   4.30475975396588e+00  -2.84873101375840e+00  -4.11860452064696e-01  -2.81976405545411e+00  -5.05807749051137e-01  -1.72348029193532e-02   9.65348884212552e-01  -2.17250427101988e+00   3.85789226066586e+00   9.70200070304017e-01   1.11757772435970e+00   4.36020664357480e+00  -1.44427664666407e+00  -6.42282440332640e+00
  -6.18088240744120e-01  -2.23240280639277e+00  -4.79741455576073e+00   2.29054508114118e+00   1.15333313978128e+00   1.54650631669540e+00   3.49461202782930e+00  -2.17860902467592e+00   1.33941032488455e+00   1.95287557223556e-01   4.79332003454158e-01   4.04986677454540e+00  -2.20966749489522e+00  -3.66910970684510e+00  -4.05621055884680e+00   6.40118600681856e-02   5.33412768558356e+00   3.22249810744341e+00   3.43058884626399e+00  -7.16159700867709e-01
   8.03657505088378e-01   6.60140459749141e-01  -9.01283237710637e-01  -3.07334178666041e+00   2.25054623231941e+00  -5.46095901317467e+00  -1.32048070531835e+00   2.08657946940053e-01   3.79352400886630e+00  -6.49010717892950e-01   4.40986196636474e+00  -3.34564985231779e-01  -2.08384159014528e+00  -2.35468605931660e+00   4.11045472485940e+00  -1.48893898680931e+00  -6.01590128744515e-01  -3.73529087839448e-01   2.75850613777491e+00   6.50499926259744e+00
   2.56733394266876e-01  -3.08605302866062e-01   3.98419983392411e-01  -1.13648307795009e+00   2.84895168114186e+00   2.48353261861022e+00   5.92485172425947e-01  -6.66371836524402e-01   3.24537867143127e-01   4.19940081427206e+00  -3.73605731418213e+00   3.01947264323087e+00   3.36653843488649e+00   1.27209859247747e+00   4.55520598330046e+00  -1.06198569711213e-02   2.12578483047570e+00   4.27679050202357e-01   1.16938760599073e+00   4.02946473059516e+00
   4.65616286044817e+00  -5.21361735558262e-01   3.15046369678777e-01  -1.64245787776327e+00   3.50055829450943e+00   1.74369815630443e+00  -2.04563853169311e+00  -4.18861186740302e+00  -1.48437176081060e-01   2.61134644001438e+00   3.99628684032025e+00   3.27271454018887e+00  -1.48902793444602e+00   1.28618790189554e+00  -1.62787307812222e+00  -2.75560977878573e+00   3.48126586261385e-01  -4.18557341220569e-01   1.54483479588052e+00  -5.67842062986406e+00
  -8.79693570102903e-01   8.63682651356491e-01  -9.92117095444434e-01  -2.48743500250670e+00  -4.57874359320747e-01  -1.30840868822082e+00   4.88365936979126e-01   1.02520547119422e+00   2.36989647814549e+00   7.42080897607185e-01   2.21778451954100e-01   4.21464961653629e+00  -1.64316999293376e+00   1.08912663748612e+00  -9.15748870597010e-01   1.44778123016003e+00   4.84343082251510e+00   2.06187465140253e+00   1.98939504527981e+00   4.29227226190438e+00
  -1.74004216550268e+00   3.70726514491007e+00  -3.91084157816419e+00   1.45825050862683e+00   1.02662639874748e-01  -2.77633249196908e+00   9.36207183566624e-01   2.02025264682377e+00  -2.43771906070670e+00   1.70608688003273e-01  -1.98663938694902e+00   2.50003902942956e+00  -4.21366848694237e-01   4.65093471077231e+00  -4.52880525062804e+00   9.22999170420725e-01  -5.67027834365128e+00   2.40383794929130e+00   1.94137930012685e+00   2.47060700946710e+00
   4.83815552366001e-01   2.62339915669665e+00   6.89334825426002e-01   1.34627001040330e+00  -7.78174724504592e-01   2.00750110703555e+00  -1.08875873543100e+00   5.01174581721883e-01  -5.05433624724259e+00   1.34289606096484e+00  -2.12313975534139e+00  -2.51015890419472e+00  -1.59730871288490e+00  -7.23268916232851e-01   3.29898838427229e+00   1.41715764583380e+00  -5.28859354322038e-01  -1.91367246407416e+00  -4.10941526810580e-02  -9.58540741731496e-01
   9.42353893286680e-01  -2.01972423792932e+00  -3.17319209636509e+00   2.38004541813875e+00   2.14958974457392e+00  -3.33127373081641e+00   2.82806733791604e+00  -5.83350409051181e+00  -1.44458289121859e+00   3.34892204910023e+00   1.84002816479808e+00   1.87415799292172e+00   5.48868477564552e-01  -2.19317908863563e+00   3.69324583732541e+00  -3.79639420242147e-01  -2.08971859274468e+00   1.04149715547561e+00  -5.14627325309914e+00  -6.25325167134498e+00
  -1.26588184656824e+00  -1.74428814854649e+00  -7.44106173567546e-01   1.50838682566884e+00  -1.67204939446163e+00  -1.02317537902847e+00  -3.39468853178580e+00  -8.47812078863180e-01   1.33660498200907e+00  -1.05257792858348e+00   5.30939781818745e+00   1.82403644148677e+00  -3.04410494041132e+00   1.87361967697040e+00   2.24814507049815e+00  -4.12309237576301e+00   9.09532872930567e-01   6.84353048202555e-01  -1.53727479336376e+00   1.32556367223645e+00
  -3.09485315023578e+00   1.10154075641523e-01  -1.26431801788102e+00   2.27184395506186e+00  -1.20965841243046e+00  -4.52234282988264e+00  -3.38908353282377e+00   3.18407634698883e+00   1.27610567117753e-01   4.51018641796729e-01   7.77153417341390e-01  -2.36397999553353e+00  -3.34659309269889e+00  -1.30918964227707e+00  -3.30434646986095e+00  -1.28469613477573e+00   2.70392024371709e+00  -1.53604271397042e+00   1.15139032312688e+00   5.10636673879159e+00
  -2.31921436894993e+00  -2.83341613271347e+00  -2.11109809265590e+00  -2.26679764628882e+00   3.09149027968508e+00   3.18120579932778e+00  -1.32027161680959e-01  -8.48746826613987e+00  -1.06209722468694e+00   2.61214903546378e+00  -2.46806490910189e+00  -2.03761466868003e+00  -1.13275010726410e+00  -6.52238369457686e-01   3.10878391744863e+00   2.78526417601007e-02   3.50995040349998e+00   9.45021802956094e-01   4.39314049971999e-01  -2.58127880245830e+00
  -2.75842510804152e-01  -1.43615007708916e+00   1.30783219704117e+00   9.57001970002387e-01   3.68176952217918e+00  -2.17692054290707e+00   7.23151252956327e-01   6.08198999099738e+00   4.99595022309454e+00  -1.44862187766557e+00   2.70089337498434e+00  -1.08137616554127e+00  -1.13599676417664e+00   1.65083729803202e+00  -3.92656812979287e-01  -7.18282329666691e+00  -1.70838648926357e+00   2.94111170497648e+00  -2.88674234024831e+00  -1.17427297998189e+00
   5.55322522392385e+00   3.64279199424213e-01  -1.00297317438646e+00  -1.84909057283267e+00   9.34977711362482e-01  -2.91088240575576e+00  -3.71767471261743e-01   2.31743329816126e+00  -5.51219792393139e+00  -9.33627286236939e-01   1.31128345483837e+00   3.00454513748986e-01  -4.12614847704626e+00  -9.21924544996287e-01   3.33788226863474e+00  -1.03351981321961e+01  -3.71115959558312e-01  -9.71390890966774e-01  -2.43963113237622e+00   2.54966086929441e-01
  -3.76898199852826e+00   7.42634998090040e+00  -1.01225545354840e+00   2.06935760468491e+00   7.35417089074201e-01   2.59536752431779e+00   1.96580030863835e-01   6.77070725380165e-01  -5.05473045294142e+00   7.75342348170422e-01  -1.25269130705062e+00  -7.06933498983046e-01  -4.24571558702026e+00   3.73107413070369e+00  -3.27628222574888e+00  -2.58737185941670e-01   3.14636450075356e+00   1.69359178526856e+00  -5.43068432116192e-01   1.44956590427603e+00
   2.49420334797161e+00   2.19724027274957e+00  -3.34194978465481e+00  -2.64424955472172e+00  -2.60225371409414e+00   1.02109748943249e+00   1.65775445104797e+00   2.93948266105767e+00  -1.30117671942921e+00   1.19142404093307e+00   5.34865301075885e+00   4.44199899212788e-01  -8.26842403035194e-01   8.42105658419827e-02   1.76257801299829e+00   6.93087017063805e-01  -6.40976691253212e+00   1.02420408155706e+00  -6.80001182680150e-01  -3.24170836048220e+00
  -7.09432246342542e-01  -1.93197697610252e-01  -1.33277562986076e+00  -4.27470668135752e+00   1.60227211632421e+00   3.07074385898591e+00   2.98965138209561e+00  -4.91365485702476e-02  -1.43551229521638e+00  -1.13461946039936e+00  -4.87415676450464e+00  -4.71584906277214e-01   1.67467590067160e+00  -3.49919908254321e+00   8.75087194314504e-01  -7.28898785945506e+00   5.60950785521050e+00  -1.40053702915390e-01   1.49842973888129e-01   1.53403797021474e+00
   6.12376794150838e-01   8.15819445540197e-01   5.30729877743936e-01  -1.15952088868387e-01  -1.66006835459612e+00  -2.12934307957719e+00   2.78475797970842e+00  -2.34737952103826e+00   2.74736735495807e-01  -1.69591022604124e+00  -4.67671790534118e+00  -1.89371641465787e+00   8.93060521654812e-01  -1.26090980801813e+00  -1.20732663810369e+00   7.74478207365380e+00  -1.86996528731663e+00  -2.08073484414108e+00   1.08184337403993e+00   2.32451701285023e+00
   4.63808408058755e+00  -2.66757095901876e+00   1.18935607191878e+00  -6.07419481302337e+00  -2.38809718685690e+00  -4.69095712753510e-02   3.58274302873353e+00   2.62628942415573e-02   3.48989773880955e+00   3.88835223282206e+00  -3.82720654856470e+00   6.47943780808571e-02   4.81895057956107e+00   6.86334816570940e-01   4.37549625364477e-01  -5.94807447189161e-01   4.09924492323714e+00   1.36570904280700e+00  -1.81132743521242e+00  -1.44849527515732e+00
   1.77248422481402e-01  -2.02475308832487e+00  -2.69230268650179e+00   1.91323479758954e+00   7.54881284798271e-02   3.19652939771991e+00  -2.24555471697857e-01  -1.34626145112011e+00  -5.14539973563396e-01  -2.94042612053028e+00   4.23815946852382e+00   4.55706911689498e+00   3.52639483338671e+00   1.86409515876810e+00   1.60269604967363e+00  -1.41130399002776e+00  -4.44349540794550e+00  -4.73604304003312e-01  -4.68166297466308e+00  -4.14214509735208e+00
  -3.50537121168196e+00   1.24705336481579e+00   1.13934339202047e-01  -2.15097535884627e+00   1.45174593122125e+00   1.28565096232376e+00  -2.30065244130973e+00  -1.87291605856604e+00   1.00442485087454e+00   2.50982012869726e+00  -8.74806162692775e-01  -8.08346423302186e-01  -3.82901849586829e+00   1.48790997984829e+00   5.95814145951957e-01   1.48616554918421e+00   2.46282940972746e-01  -3.74160616046909e+00  -1.51747650365516e+00   5.05487957139135e+00
   9.66061791964484e-01  -7.43431972486199e+00  -2.92056775450003e-01   2.71166492161911e+00   3.00530039192189e+00  -1.76877505471715e+00  -1.43783863765043e+00  -4.92955944259371e+00   6.91595600108585e+00   4.10232230627570e+00   2.89144535662533e+00   1.10341237406792e+00   1.71006744722732e+00   1.79444966815426e-01   3.53816022366339e-01  -1.35046185139477e+00   1.32966846726660e+00   2.38957746977800e-01  -6.01665826980492e+00  -4.88378212883212e+00
  -3.29284461145275e+00  -3.51548382890167e+00  -5.00381777283027e+00   3.80248821117679e+00  -2.73274323471630e+00  -2.39027107050332e+00  -2.42565663720059e-01  -2.47387918115818e+00   1.10753257629814e-01  -1.06480275772949e+00  -4.03788910599517e+00  -3.70400730739906e+00  -1.26379566852097e+00   2.42574247160759e+00   4.71431091177264e+00  -1.03241951264137e+00   4.48848094658949e+00   1.94343548573908e-01   1.87327551445052e+00   5.21778288714400e+00
  -1.55486027685982e+00   2.01809201210563e+00   1.88905018044516e+00   2.95250779450669e+00   2.87593945313272e+00   1.11654105536985e+00  -2.85221011713164e-01   7.09169757229349e+00   3.43471996621053e+00   9.95343967364455e-02  -2.29968132703690e+00  -1.58978734365319e+00  -2.56307377484445e+00  -2.26014895491185e+00   6.91325526831585e-01  -2.05616009283596e+00   4.78883796798332e-01   3.54985786404704e-01  -7.62602953191520e+00   3.65173568072518e+00
  -1.30630380631114e+00   2.91644930671468e+00   7.85241106874349e-01   2.59600795174764e+00   8.29888390667258e-01   8.08149019612798e-01  -4.32810126344432e-01  -6.87920713095233e-01   1.17681153462723e+00   4.60715981926246e+00  -1.91260456198728e+00  -2.93234850099693e+00  -1.21458838228771e-01   5.84387330632057e+00  -4.39539883690139e+00  -8.98284882732766e-01   3.12004977279389e+00  -1.78454711164097e+00   2.55423998658903e+00   3.20215619167053e+00
   2.60500112512116e+00  -1.82671746637348e+00   3.97997021576843e+00  -3.54349516207438e+00   5.31621813956102e-01  -5.49629820087306e+00  -2.70736231192370e+00  -9.63457516405020e-01   7.95427758647253e-01  -5.02506366412203e-01   7.48208960920219e+00   7.14221483997432e+00   6.39460859686005e+00  -7.72064939601050e-01   3.76498230668048e-02  -3.41244023870081e+00  -1.84131842862415e+00  -1.99335795580808e+00   4.83860080384822e+00   2.27802408177123e+00
  -4.29558807629163e+00   3.70245569738316e+00  -5.09766447190460e-02  -1.77843593631260e+00  -2.12179652905356e+00  -6.26821209359706e+00  -3.05729282076898e+00   2.96819543271696e+00  -1.06247881963822e+00   9.62036180622979e-01  -1.41966696305044e+00   2.12959156317437e+00  -1.28320059888165e+00   4.83574351926116e-01  -4.47666829285554e-01  -3.42604774463441e-01  -2.84286250875149e+00  -1.28835570903894e+00  -3.53317312156360e-01  -5.92335239119501e+00
  -4.12256084786533e-01  -1.81173233928948e-01   3.58743754629072e+00   6.27656254666229e+00   5.90454199781866e-01  -1.33144871269507e+00  -1.50307875932201e+00   1.37147192013542e+00  -8.13315173373576e-01  -1.28525097800590e+00   4.78713685453094e-01   1.28277601995501e-01   1.50202689575856e+00  -3.16786150661857e+00   3.91559497399012e+00  -9.87252761477103e+00  -6.53488432836796e+00  -2.07388902635096e+00  -6.82982364320516e-01  -2.64817333090404e-01
  -7.30994499447510e-01   3.69145252176339e+00   5.00189565151663e-01  -1.20585515073713e+00   1.84655168228693e+00   2.34652675929479e+00  -7.49972219838426e-01   1.76785205816697e+00  -4.35038511864512e-01   2.78048146513398e+00  -1.01087805451204e+00  -8.90978754864717e-01  -1.02899070625203e+00   8.71362263483650e-01  -3.52334198379442e+00   5.86264893814477e-01  -1.58698993778668e+00   2.47947389661127e+00  -2.05688822201826e+00   3.79186455554103e+00
  -3.37903052442140e+00  -2.05198570356814e+00   5.04873377970736e+00  -8.87144249196231e-01  -4.44968188086892e+00   9.71669403870370e-01  -1.13990128769396e+00  -2.78960436419296e+00   2.12997467453794e+00   8.78909334159677e-02   2.79947348620194e+00  -1.17435728915396e+00  -8.35338748449335e-01   2.15031798604739e+00   1.48752210269229e-01  -9.83152187240397e-01   3.73332946791222e+00  -1.92088726997160e-01   2.73937716240323e+00  -1.54120282573658e+00
  -1.20586840355474e+00  -3.06578724248982e+00  -2.90797072981107e+00  -1.36777657151774e+00  -6.31377409686909e-01   4.01606423545611e+00   1.41010231410466e+00   4.79937213917025e-02   1.07899952804219e+00  -2.01317716663235e+00  -1.09136518857242e+00   5.11798077871764e+00   2.15135472375020e+00  -2.76996202416974e+00  -3.59333158097645e-01   3.05644391954675e+00  -1.69041436543920e-01   3.86904245738328e+00   2.68786319526011e+00  -1.01280013631704e+00
  -1.00241177943355e+00  -2.80401660972629e-01  -1.92035343149220e+00  -1.37634169111984e+00   1.57970388221653e-01   1.00759075809904e+00  -2.88564501709569e-01   9.31645730265591e-01  -4.66543359961563e-01   3.00005734890925e+00  -2.27682697989369e+00  -3.77190593394542e-01  -1.67174661047469e+00   5.34238930501114e+00  -3.29375866246874e+00   3.79559155423619e-01  -7.78076772310938e-01  -4.99659105165593e-01  -1.37511908561054e+00   1.62291148518511e-01
