ARMA_MAT_TXT_FN008
17 20
   2.30958061040049e+00   1.69153149274159e+00   1.54459896399835e+00  -4.75768216966626e-01  -2.56860903423357e-01  -8.59762224271390e-01  -1.38164973604780e+00   1.39981509043363e+00  -2.71863800809439e-01  -4.78636788521229e-01  -2.08444213613647e+00   1.15157067297627e+00   3.56152665860396e-02  -1.47148113136808e+00   1.42596394504357e+00   7.83374817681296e-01   2.66682716621616e+00   1.51529645810353e+00   5.81072752398954e+00  -2.11160084652368e+00
   5.14702505003239e-01   2.73993902108774e+00   4.57046868109901e+00   4.44053942087354e-01   2.06976406590185e-01  -2.85854155421398e+00  -2.20762396929410e-01   1.50866155450913e+00   3.99036529726105e-01   1.93710580883510e+00  -7.28067374574914e-03   2.22862174852942e+00  -6.79841237006969e-01   1.29059271049263e+00  -3.70543360542128e-01   4.58444899152854e+00   4.57493195459575e-01   6.73877872977434e+00  -1.47732975152790e+00   2.00937976113673e+00
  -1.43282100707629e+00   1.89588061349035e+00  -8.87935208073428e-01  -3.30801014277615e+00  -8.52324662986396e-01  -3.53028594051269e-01   2.19352745909225e+00   2.17027494826423e+00   6.76721590400390e-01   2.23206997922224e+00  -3.17648093406782e-01   2.78269742788108e-01  -8.47985022606338e-02  -5.46392075868006e+00  -1.41141545243143e+00   5.09814205590439e+00  -3.73982089326523e-01   2.24645494809636e+00   4.24374813954414e+00   9.15857370348541e-01
   1.50846272470063e+00   3.78734587076586e-01   5.36086393111124e-02   2.09067636756071e+00   2.48871871508812e+00  -1.41667252139709e+00   2.59399527198518e+00  -2.75221113146066e-01   4.63747002975835e+00  -1.24510525256126e+00  -3.35307343669684e+00  -1.58513584596433e+00   4.39894098708528e+00  -3.88897528942775e-01   4.70369400726316e+00   8.20877558132139e+00  -3.10358608165335e+00  -2.18471739604388e+00   2.80378705147609e-01  -5.34931338540314e+00
   3.91771545419890e+00  -2.21283029728366e+00   1.08093017305063e+00  -2.73324024153249e+00   7.34991162528360e-01   4.38380073490820e+00  -2.18277209545531e+00   3.25744479811568e+00   2.65250610449811e+00   4.04774625972051e+00   2.17873935899688e-01   8.17392494528294e-01   3.28160424746679e+00   3.38700720958743e+00  -4.55422094661443e+00  -3.15232620219376e+00   8.52078367634141e-01  -7.34063387650815e-01  -2.68891752181780e+00  -2.64642808006314e+00
  -1.28165352924103e+00  -6.52288310883470e-01  -1.82489557715407e+00   3.88991096162322e+00   1.75691027923461e+00   1.40601852755527e+00  -2.81038565051607e+00  -1.65523129600603e+00   2.20550000647810e+00  -7.80773541839624e-01  -9.59656314426262e-01   2.16078966303519e-01   2.05076460661179e+00   7.19239993427466e-01   2.34781937937188e-01  -1.18627143255422e+00  -7.43825901018885e-01  -3.18174401052168e+00  -2.54354188052367e+00  -5.52452885615201e-01
  -9.63977940880630e-01  -9.46923511371425e-01   3.67736062114991e+00  -4.66837647577291e+00  -2.39510958292808e-02  -2.90150388351555e+00   2.46015015561823e+00   4.32371211368530e+00  -5.62313305587925e-02   4.02426912343821e-01   2.50263476999772e+00  -9.74564218293725e-01  -1.62053146753070e+00   8.28934549538283e-01  -8.37095382585402e-01  -4.22538290385708e+00  -9.69045501894106e-01  -3.62276352113484e-01  -1.18973388625028e+00   4.76289597222222e+00
  -2.20820659010112e+00   8.69128097361497e+00   3.85384065269404e+00   1.67338733962164e-01   1.17098985960466e+00   3.06382001189536e+00   3.30695435245059e-01  -1.80067834290534e+00  -1.08650962410254e+00  -2.37340553269997e+00   1.68134021983971e+00   1.91407971533321e+00   4.54671236728043e+00  -2.80856743732900e+00   1.08849881107519e+00  -1.47910199758643e+00   9.32766342334583e-01  -2.54044882272206e+00   1.60101327707193e+00   2.97255543058683e+00
  -7.74901032956777e+00  -4.76968484882189e+00   1.50750467862331e+00   1.82024754641337e+00   1.75920095085058e+00  -3.65525078604128e+00   4.30956404197224e+00  -3.51212476341147e+00  -5.24025589566687e-02  -1.05352005469979e+00   2.95421768155043e+00  -2.52706402018232e+00  -9.89933111398459e-01   3.76266261173185e+00  -2.37477272396343e+00  -8.16872836207828e+00   5.91573883244188e-01   1.84732565927674e+00  -2.12454166049033e+00   2.68332450673546e+00
   1.56061077807611e+00   3.44386951696480e+00   1.50355083121985e+00  -1.91882555135234e+00   1.67642629230784e+00  -2.45909190873022e+00  -6.66312537103566e+00   5.10332475295178e+00   3.25885939392291e+00   3.68565358171387e+00  -5.02270992742799e-01  -5.53027228816787e-01  -3.32939271365739e+00  -2.89229713545115e+00   3.85972836456301e+00   2.36279100943659e-01  -3.84502792940720e+00  -1.11413376427917e+00  -6.64290547552724e+00  -2.03011594188027e+00
  -3.60535180553176e+00   7.30964759271050e+00   1.29008164881481e+00   2.06349060413640e+00   3.42074739288178e+00  -4.50934535348236e-01  -4.79273109863083e-01  -1.44233510865033e+00   2.95133412257049e+00  -2.89653569706122e+00   6.34721269896500e+00  -1.93313321190731e+00  -5.96320857553066e+00   4.73238851279980e+00   4.95470460366823e+00  -1.55637315490495e+00  -1.70779765401567e+00  -4.96860110238953e+00   5.09710554408943e-01   4.35873443405990e+00
   2.06702216350714e+00  -4.62931435410833e+00  -4.78434043304344e+00   3.35446338218749e-02  -1.76070636793159e+00  -4.53263001953819e+00  -6.52844476456586e+00   7.09366660426088e-01   3.81150043343005e-01   2.86101781805851e-01  -1.11896623923425e+00  -6.55681932610992e+00  -1.98464882813530e+00  -1.21695791767524e+00  -7.34709648187056e-01  -4.03171603470220e+00  -1.89960049499073e+00  -1.07233770499980e-01   1.17528342143868e+00  -8.97317937299987e+00
  -2.48317786343993e+00  -2.74076381023203e+00   3.87866680229102e+00   2.19223526541367e+00   3.12053453951526e+00  -1.14408109036731e+00  -7.61038135331936e+00   3.61427578104978e+00   5.96905410852990e-01  -2.14989173114719e+00  -2.42599980171158e+00  -2.26975941383524e+00  -1.80927904716791e+00  -1.07891164960587e+00   8.02845064650250e-01  -5.62293264116645e-01   2.51792141161440e+00   3.69652890624325e+00  -4.55598900823103e-01  -1.75990870944235e-02
  -4.96569614145932e+00  -2.63328160222884e-01   2.33619913632821e+00  -5.71744978346315e-01  -2.93916628521242e+00  -2.48169640129788e+00   2.20427528887653e+00  -1.44306629078244e+00  -3.29172116761466e+00  -5.35895462087174e+00   1.06205042458229e+00   7.02062784443274e+00   3.59726584546193e+00   1.22264449611815e+00   3.50990779684153e-01   9.83932404740612e-01  -4.89198298269671e+00   7.89266816646476e-01  -4.81039062280712e-01   4.16353861221084e+00
   1.22053919808596e+00  -7.19947447098185e-01  -4.94518623928906e+00  -1.74409432453273e+00  -3.04396849000341e+00   7.17795947891374e-01  -1.21136113280358e+00   1.84240330806769e+00   3.28889045718219e+00  -1.54393498487552e+00   2.53761383103192e+00  -2.46456467478386e+00   1.55645643302171e+00  -3.87583786908277e+00  -4.90407728795186e-01  -1.01851021715319e+00  -3.83654584673039e-02   2.59254542916338e+00   1.03002884483690e-01  -2.39567930715045e+00
  -3.05827298494200e+00   3.14084740618301e+00  -2.64744077740917e+00   6.25239662093088e-02   3.71962462726703e+00   2.26958843249417e+00   2.54710582968961e+00  -8.84733541692653e-01   1.14421583231610e+00  -2.85552983542045e+00   3.29028634847209e+00   1.77561168596792e+00   1.28525942862786e+00  -1.45219096079442e+00  -3.62735338173235e+00  -2.75195913580112e+00   3.64277392502351e+00   3.98003807771351e+00   1.70938223811698e-01   1.45183081193178e+00
  -2.51749933555680e+00  -3.24357898214222e+00  -5.48449553794744e+00   6.54565167562705e-01  -2.54301335436064e+00   4.05213889293162e-01  -2.07626991044626e+00  -4.03463211742927e+00  -8.46788069975288e-01  -1.56562192688844e+00  -2.87773061272159e+00   2.79791434741726e+00   1.97093275790234e+00  -3.19269216156646e+00  -3.88285114151117e-01  -3.85406925697662e+00  -1.75083510052378e+00   6.89835304368755e-01   2.95602983141194e+00  -2.60884867601461e+00
