ARMA_MAT_TXT_FN008
21 10
  -2.69789112769808e-01   6.64268116542818e-01   2.61454047585795e-01  -1.33134671577727e+00   2.01396218224617e-01   3.00021101284405e+00   2.29649950558568e+00  -2.25757262287436e+00  -2.12207145019070e+00   3.08134801176524e+00
  -8.46033947532309e-01  -8.65294629344310e-01  -4.20522497462668e+00   1.90908218197797e-01  -1.58369946798910e+00  -2.47368436208689e+00  -8.83260526888155e-01  -3.65765434525800e+00   1.45126875371192e+00   5.48988254557928e+00
  -5.15025074324283e+00   2.08324504362012e+00  -4.06352161845660e+00  -1.89385069908131e+00   1.36964435462383e+00  -1.44221450455161e+00  -1.93762977389373e-01  -7.39696157648981e+00   6.25858869609994e-01  -5.50351067177355e+00
  -2.58414539877204e+00  -5.94730626403339e-01   3.75058758065432e+00  -1.68080181712611e+00  -3.40002250166054e+00  -1.05369586543702e+00   4.19604649489530e+00  -1.36360973513078e+00  -7.34104315680383e+00  -4.39128368616931e+00
  -2.56890166701815e-01  -2.73034557193547e+00   6.51539832238210e-01  -4.79997850752371e+00  -5.17198623695365e+00   3.65421803698519e-01  -5.79312964952415e-01  -1.74118673020953e+00   7.59213167056586e-01   1.50229921292551e+00
  -4.10899213023314e+00  -2.23913774009814e+00   5.45766183691193e-01  -7.60731941769134e+00  -2.40765532959046e+00   5.12270041047073e+00   2.09900237019080e+00  -3.04417493847581e+00   8.59364315518726e-01  -1.27343608300442e+00
   4.74683844274328e+00  -4.15736974025151e-01   9.77741516190871e-01  -5.52881605150608e+00   3.32576673544521e-01  -5.69534902161392e+00  -3.67127391227822e+00   5.42449253760021e-02  -2.73474947542428e+00   3.88471510473033e+00
   2.33191855699461e-01   1.00812056932864e+00  -6.71936724485747e+00   5.78968123666116e+00  -1.71542580008944e+00   7.05830614849827e+00  -1.52453784226632e+00   2.30516715425908e+00   2.16333314529560e+00   5.33091023959167e+00
   6.18255709705597e+00  -2.20799640958654e+00  -3.35292721997210e+00  -1.12863624416360e+00   8.36312352998179e-01   1.44197626920120e+00  -6.26211893150701e-01   4.74257218855120e-01   1.84172238244501e+00   3.35545688958512e+00
   5.58679348757263e+00   3.99818519055049e+00   2.74539927971936e+00   3.78856465148706e+00   1.88903413227301e+00  -5.16142384802920e+00  -4.76211911397515e+00   2.29715228015644e+00   4.05642727066383e+00   1.11473297932421e+00
   1.61701984588432e+00   5.05345999354551e+00  -1.39472842870691e+00  -4.43194850618199e+00  -1.16974670721332e+00   1.66886755490903e+00  -7.62438347752343e-01   2.30851141486184e+00   3.23982332102575e+00  -4.96539583242757e+00
   2.74380547066885e+00   2.60498069949752e-01  -4.04636869412780e-01  -8.84887533116445e-01  -1.33359593631960e+00   1.11317789169648e+00  -3.99259330477063e+00   4.12049633710045e-01   2.32451379420731e+00   2.25695641978418e-01
   2.51141569458718e-02  -7.28104557636773e-01  -7.62661756175939e-02   1.44806421089679e+00  -1.92367334143276e-01  -5.12343632887639e-01  -1.67151084498676e+00   8.79197384616174e-01   2.91734332102944e-01   1.45768165610308e+00
  -1.66693079992785e+00   1.05486904718807e+00   1.61653714071843e+00  -1.98673529650762e+00   4.54837254281843e-01   1.38450768953034e+00  -4.26451793628816e+00   1.48133336495736e+00   6.00129084936430e-01  -6.88204736003610e-01
   4.62914951047057e+00   3.92390168345402e-01   5.36269385400008e+00   8.39038569142087e-01  -2.03298044291130e+00  -5.76331043150974e-01   3.12638629312370e+00   6.93954894040888e+00  -7.19921455832214e+00   4.44890607294509e+00
  -3.30678478635550e+00  -5.28782923921477e+00  -4.86596916004220e-01  -5.38623638694726e-02  -9.01145112864508e-01   1.62148720936319e+00   2.85330535215478e-01  -3.43457579619046e+00   4.15202462218104e+00  -3.65292781104379e+00
  -5.50911957788543e+00   6.73377199763079e+00   1.61475130686584e-01   8.74834654749395e-01   1.02914279194508e+00  -1.26594042830806e+00   4.07504890859091e+00   1.81128259705308e+00  -2.59330437146911e+00   1.61150338294095e+00
  -1.79192265276694e+00   2.03311899608427e+00  -4.54953826006041e+00   2.06264713605605e+00  -6.36003901525445e-01  -3.63080631357453e-01   1.98836419339482e+00  -6.97031262745127e+00  -6.19241120165603e+00  -5.37792726428686e+00
   1.08355060352380e+00  -2.24291614514891e+00  -4.50373473420898e-01   4.15708320139690e+00  -2.04315976304486e+00  -1.25077487848722e-01   4.00325812673318e+00   2.60486760763352e+00  -1.88065962304990e+00  -5.54711802592540e-02
  -5.89699151526686e-01  -1.09601740342906e+00  -1.78804141659600e+00  -1.73525737982326e+00   3.22834394364989e-01   3.28221314306157e+00  -2.81806777289007e+00  -1.71190786711300e+00   3.71076674970026e+00   4.97568407193072e-01
  -3.43431009366832e+00  -1.85284366604863e+00   6.98596246694258e-01  -3.21413091571986e+00   6.10029969800253e+00   1.65113181073715e-01   4.32636037254192e+00  -4.70823241950425e+00  -1.29421584741930e+00   1.83993333339000e+00
