ARMA_MAT_TXT_FN008
11 2
  -5.49839915692469e-01   1.88887856935722e+00
   3.24609756914290e-01  -2.90173299763282e+00
   1.65367516600836e+00  -2.70337533314482e+00
  -1.94525837981031e+00   6.73079229157467e-02
   5.75785891079318e-01  -1.36890406193073e+00
  -1.84176492243704e+00  -1.94047203254765e+00
  -2.43426892474550e+00  -1.16196301091477e+00
  -1.43327760455053e+00   4.45519170762685e+00
  -5.81061966770003e+00   3.02032311440000e+00
  -2.12230792383913e-01   1.24702438472310e+00
  -1.48585638215294e+00   3.07699566451112e+00
